Bench polynomial matrix multiplication (FFT prime)
p = 786433  (FFT prime, bit length = 20)
size,degree,ntlx,linbox,ratio(ntlx/linbox)
2,30,0.00001679,0.00015722,0.10680575
2,60,0.00002896,0.00016314,0.17751299
2,120,0.00006986,0.00029542,0.23647706
2,250,0.00009424,0.00063262,0.14896509
2,510,0.00018317,0.00129469,0.14147557
2,1020,0.00037933,0.00247658,0.15316513
2,2040,0.00080309,0.00495660,0.16202364
2,4090,0.00171087,0.01035165,0.16527488
2,8190,0.00365473,0.02095324,0.17442330
2,16380,0.00779027,0.04658414,0.16723008
2,32760,0.01711502,0.08542878,0.20034256
2,131070,0.08599353,0.34684037,0.24793403
4,30,0.00005293,0.00012130,0.43636798
4,60,0.00011159,0.00020711,0.53880324
4,120,0.00020019,0.00039046,0.51269647
4,250,0.00038763,0.00078866,0.49150838
4,510,0.00079406,0.00162177,0.48962522
4,1020,0.00168377,0.00332965,0.50569008
4,2040,0.00351518,0.00705340,0.49836724
4,4090,0.00739500,0.01459192,0.50678725
4,8190,0.01558182,0.02984964,0.52201016
4,16380,0.03498649,0.06071295,0.57626075
4,32760,0.07675947,0.11792329,0.65092720
4,131070,0.36020271,0.56984354,0.63210809
8,30,0.00017656,0.00020460,0.86292901
8,60,0.00034691,0.00036503,0.95035504
8,120,0.00070228,0.00075568,0.92934046
8,250,0.00145793,0.00154742,0.94216510
8,510,0.00311181,0.00322435,0.96509657
8,1020,0.00656182,0.00678307,0.96738174
8,2040,0.01369583,0.01464768,0.93501674
8,4090,0.02995259,0.02932555,1.02138224
8,8190,0.06921294,0.05959401,1.16140761
8,16380,0.14648357,0.12630110,1.15979653
8,32760,0.30568551,0.25475361,1.19992611
8,131070,1.42996182,1.16700986,1.22532111
16,30,0.00062026,0.00053146,1.16709379
16,60,0.00124763,0.00104326,1.19588906
16,120,0.00258841,0.00226709,1.14173090
16,250,0.00545360,0.00487079,1.11965216
16,510,0.01150210,0.01033062,1.11339888
16,1020,0.02557768,0.02155086,1.18685153
16,2040,0.05772748,0.04320764,1.33604776
16,4090,0.12518860,0.09109114,1.37432257
16,8190,0.26605125,0.18373501,1.44801609
16,16380,0.54718335,0.38094323,1.43639081
16,32760,1.13651508,0.85425796,1.33041203
16,131070,5.38236227,4.62258226,1.16436268
32,30,0.00241913,0.01379476,0.17536597
32,60,0.00498127,0.00423668,1.17574795
32,120,0.01013897,0.00922407,1.09918605
32,250,0.02094967,0.01905087,1.09967010
32,510,0.05056911,0.03926503,1.28789197
32,1020,0.10731565,0.07973534,1.34589819
32,2040,0.22473785,0.16960236,1.32508682
32,4090,0.48167003,0.37554470,1.28259040
32,8190,1.05071315,0.82628841,1.27160582
32,16380,2.18562681,1.72933124,1.26385667
32,32760,4.49020270,3.55513914,1.26301743
64,30,0.01025119,0.03334222,0.30745365
64,60,0.02099382,0.01760913,1.19221266
64,120,0.04310272,0.03812411,1.13058937
64,250,0.09255408,0.07836650,1.18104147
64,510,0.20638537,0.16436988,1.25561551
64,1020,0.48263975,0.37093992,1.30112646
64,2040,1.09461032,0.80795499,1.35479121
64,4090,2.32133043,1.65739263,1.40059175
64,8190,4.86445031,3.36195274,1.44691216
128,30,0.04629542,0.04814209,0.96164130
128,60,0.09387140,0.07972854,1.17738765
128,120,0.18563001,0.16297601,1.13900205
128,250,0.39808522,0.33312828,1.19499076
128,510,0.93699158,0.67481130,1.38852384
128,1020,2.11220587,1.54161721,1.37012343
128,2040,5.19144555,3.39765448,1.52794982
256,30,0.23497991,0.16709172,1.40629295
256,60,0.46468686,0.34212372,1.35824213
256,120,0.97477634,0.73263529,1.33050695
256,250,2.11846235,1.63096206,1.29890352
256,510,5.61938889,3.52670665,1.59338143
512,30,1.12352779,0.85733635,1.31048659
512,60,2.30542336,1.88887802,1.22052527
512,120,5.31405069,4.18665266,1.26928387
1024,30,6.49188318,5.36760564,1.20945606
1024,60,22.28286258,10.79054572,2.06503574

p = 2013265921  (FFT prime, bit length = 31)
size,degree,ntlx,linbox,ratio(ntlx/linbox)
2,30,0.00001728,0.03142093,0.00054992
2,60,0.00004855,0.01088022,0.00446213
2,120,0.00012805,0.00941541,0.01360047
2,250,0.00013587,0.00557833,0.02435583
2,510,0.00024985,0.00799284,0.03125962
2,1020,0.00058733,0.01424309,0.04123598
2,2040,0.00124955,0.02159364,0.05786666
2,4090,0.00266262,0.03827187,0.06957131
2,8190,0.00493472,0.06951834,0.07098448
2,16380,0.00775668,0.13100904,0.05920719
2,32760,0.01668362,0.25582017,0.06521621
2,131070,0.08284082,1.31622944,0.06293798
4,30,0.00007477,0.00964673,0.00775112
4,60,0.00013478,0.00546155,0.02467779
4,120,0.00026718,0.00683257,0.03910429
4,250,0.00054367,0.01284136,0.04233734
4,510,0.00113673,0.01949078,0.05832143
4,1020,0.00238984,0.02784055,0.08584014
4,2040,0.00473642,0.04281145,0.11063451
4,4090,0.00738931,0.07343672,0.10062148
4,8190,0.01556983,0.15453651,0.10075176
4,16380,0.03440744,0.30469383,0.11292462
4,32760,0.07501307,0.61187300,0.12259582
4,131070,0.33956555,2.46389583,0.13781652
8,30,0.00020050,0.01310842,0.01529559
8,60,0.00049546,0.02622459,0.01889310
8,120,0.00104679,0.03781015,0.02768553
8,250,0.00217078,0.04579447,0.04740263
8,510,0.00455290,0.05848359,0.07784915
8,1020,0.00722777,0.07993526,0.09042028
8,2040,0.01517813,0.09756096,0.15557587
8,4090,0.03306534,0.19136121,0.17279018
8,8190,0.07450075,0.38499567,0.19351062
8,16380,0.15645304,0.76979027,0.20324113
8,32760,0.32441411,1.55496472,0.20863117
8,131070,1.42821877,6.92200575,0.20633019
16,30,0.00086052,0.10248286,0.00839676
16,60,0.00216279,0.11603760,0.01863868
16,120,0.00451199,0.13625854,0.03311341
16,250,0.00742992,0.04439313,0.16736649
16,510,0.01531501,0.08357735,0.18324356
16,1020,0.03309144,0.16397398,0.20180909
16,2040,0.07266525,0.32399086,0.22428179
16,4090,0.15700478,0.65254404,0.24060412
16,8190,0.32401254,1.36714463,0.23699946
16,16380,0.65337492,2.86914441,0.22772465
16,32760,1.35304631,6.08652768,0.22230184
16,131070,6.26251343,28.09536078,0.22290205
32,30,0.00305821,0.41199436,0.00742293
32,60,0.00617785,0.04253984,0.14522505
32,120,0.01273273,0.07790381,0.16344169
32,250,0.02614652,0.15451565,0.16921597
32,510,0.06680064,0.31008998,0.21542340
32,1020,0.12764627,0.62058533,0.20568689
32,2040,0.26759953,1.26121859,0.21217537
32,4090,0.55403112,2.68334905,0.20647002
32,8190,1.14003664,5.67269361,0.20096919
32,16380,2.46245412,11.59084742,0.21244815
32,32760,5.12976297,23.75222008,0.21596983
64,30,0.01661483,0.08806331,0.18866917
64,60,0.03131236,0.14255130,0.21965682
64,120,0.06451620,0.29076426,0.22188490
64,250,0.13472595,0.60880925,0.22129419
64,510,0.30946957,1.23153623,0.25128742
64,1020,0.63590797,2.66726707,0.23841181
64,2040,1.36898459,5.45711701,0.25086224
64,4090,2.96973211,11.33545910,0.26198605
64,8190,6.19824862,23.25896136,0.26648862
128,30,0.08946384,0.30698558,0.29142686
128,60,0.17974054,0.61857579,0.29057157
128,120,0.36802802,1.27250118,0.28921625
128,250,0.80987303,2.86943836,0.28224096
128,510,1.61484446,5.80751404,0.27806122
128,1020,3.71876044,12.17487162,0.30544556
128,2040,8.03406142,25.10363924,0.32003573
256,30,0.58164059,1.27446870,0.45637888
256,60,1.21094639,2.71321194,0.44631471
256,120,2.37413332,5.89871180,0.40248336
256,250,5.22212997,12.40789275,0.42087162
256,510,11.26585284,25.66434753,0.43896899
512,30,3.65747028,6.32433399,0.57831707
512,60,7.62239383,13.00136426,0.58627646
512,120,16.12868301,27.38668353,0.58892428
1024,30,23.83957713,32.01687468,0.74459414

Bench polynomial matrix multiplication (FFT prime)
p = 2748779069441  (FFT prime, bit length = 42)
size,degree,ntlx,linbox,ratio(ntlx/linbox)
2,30,0.00001876,0.03044729,0.00061625
2,60,0.00004770,0.02299235,0.00207452
2,120,0.00012736,0.02130084,0.00597911
2,250,0.00014030,0.00638607,0.02196986
2,510,0.00028651,0.00727673,0.03937334
2,1020,0.00056284,0.01361474,0.04134085
2,2040,0.00128427,0.02407234,0.05335056
2,4090,0.00276625,0.04610756,0.05999552
2,8190,0.00479139,0.09272751,0.05167169
2,16380,0.00792861,0.17362755,0.04566446
2,32760,0.01695676,0.34982485,0.04847213
2,131070,0.08363450,1.36336489,0.06134418
4,30,0.00007391,0.01987528,0.00371874
4,60,0.00014855,0.01340840,0.01107858
4,120,0.00028753,0.01156828,0.02485520
4,250,0.00055824,0.00867138,0.06437743
4,510,0.00122733,0.01351795,0.09079263
4,1020,0.00255083,0.02172091,0.11743671
4,2040,0.00466956,0.04122310,0.11327535
4,4090,0.00782109,0.08051615,0.09713687
4,8190,0.01640997,0.15773828,0.10403288
4,16380,0.03592803,0.31298861,0.11479023
4,32760,0.07831804,0.60661103,0.12910751
4,131070,0.35715036,3.08657974,0.11571072
8,30,0.00019995,0.01665401,0.01200612
8,60,0.00051434,0.01821060,0.02824399
8,120,0.00104317,0.01968145,0.05300255
8,250,0.00266431,0.01969912,0.13525026
8,510,0.00429677,0.02874629,0.14947230
8,1020,0.00729903,0.05226125,0.13966432
8,2040,0.01526756,0.10092980,0.15126914
8,4090,0.03303922,0.19914178,0.16590803
8,8190,0.07591399,0.38397459,0.19770577
8,16380,0.15912698,0.76489030,0.20803896
8,32760,0.32676682,1.88736885,0.17313352
8,131070,1.46471153,7.93286618,0.18463838
16,30,0.00084879,0.02154374,0.03939845
16,60,0.00217594,0.01863681,0.11675487
16,120,0.00431196,0.02848766,0.15136224
16,250,0.00740238,0.05190742,0.14260737
16,510,0.01530113,0.09452789,0.16186894
16,1020,0.03329817,0.17443066,0.19089630
16,2040,0.07740100,0.33725511,0.22950281
16,4090,0.15408373,0.74137597,0.20783481
16,8190,0.32096406,1.52375200,0.21064061
16,16380,0.66361738,3.19763949,0.20753352
16,32760,1.35986384,6.86640548,0.19804596
16,131070,6.21867075,31.79557017,0.19558293
32,30,0.00323180,0.05745522,0.05624896
32,60,0.00663085,0.08468183,0.07830315
32,120,0.01342726,0.12612920,0.10645638
32,250,0.02835944,0.20747486,0.13668857
32,510,0.06291150,0.34711774,0.18123965
32,1020,0.13398888,0.69907553,0.19166582
32,2040,0.28636871,1.47758385,0.19380877
32,4090,0.57996666,3.16641887,0.18316170
32,8190,1.25501511,6.39882211,0.19613221
32,16380,2.62500072,13.02380174,0.20155411
32,32760,5.15814504,26.25974534,0.19642784
64,30,0.01752183,0.32435218,0.05402101
64,60,0.03670143,0.17635364,0.20811269
64,120,0.08087510,0.33653533,0.24031682
64,250,0.15894845,0.68300422,0.23271957
64,510,0.32619951,1.44784326,0.22530029
64,1020,0.70447664,3.10242410,0.22707296
64,2040,1.50704533,6.43162452,0.23431799
64,4090,3.23610547,13.13237080,0.24642203
64,8190,6.57092788,26.79427548,0.24523626
128,30,0.10619640,0.37488348,0.28327841
128,60,0.21708610,0.72265801,0.30039949
128,120,0.41313955,1.59280800,0.25937812
128,250,0.85545623,3.36989908,0.25385218
128,510,1.87727197,6.95007450,0.27010818
128,1020,4.05728350,14.42822981,0.28120452
128,2040,8.60670217,29.79471335,0.28886676
256,30,0.68385662,1.58729924,0.43083031
256,60,1.36419105,3.34944971,0.40728811
256,120,2.82844643,6.94306431,0.40737725
256,250,5.93072170,14.72085623,0.40287885
256,510,12.29028233,30.43625644,0.40380401
512,30,4.36973303,7.60585181,0.57452250
512,60,9.03278533,15.37248744,0.58759426
512,120,18.31826205,32.96536492,0.55568207
1024,30,29.05897076,38.87360826,0.74752440

p = 1139410705724735489  (FFT prime, bit length = 60)
size,degree,ntlx,linbox,ratio(ntlx/linbox)
2,30,0.00001834,0.19013803,0.00009646
2,60,0.00004693,0.14185244,0.00033085
2,120,0.00012093,0.14074227,0.00085923
2,250,0.00013032,0.15098190,0.00086314
2,510,0.00028428,0.16299733,0.00174409
2,1020,0.00056833,0.01953910,0.02908670
2,2040,0.00124026,0.03238491,0.03829759
2,4090,0.00275247,0.06359892,0.04327860
2,8190,0.00439333,0.12433266,0.03533530
2,16380,0.00786010,0.24384124,0.03223448
2,32760,0.01688103,0.48808934,0.03458595
2,131070,0.08500607,1.93756093,0.04387272
4,30,0.00007588,0.88576548,0.00008567
4,60,0.00014380,0.02019921,0.00711914
4,120,0.00028392,0.01536582,0.01847731
4,250,0.00058448,0.01561886,0.03742129
4,510,0.00112956,0.01789940,0.06310585
4,1020,0.00258802,0.02924785,0.08848579
4,2040,0.00425761,0.05569508,0.07644492
4,4090,0.00784991,0.11070402,0.07090903
4,8190,0.01644333,0.22125238,0.07431931
4,16380,0.03592982,0.44520820,0.08070340
4,32760,0.07814241,0.88491301,0.08830519
4,131070,0.35269513,3.72847649,0.09459497
8,30,0.00020028,0.01533534,0.01305983
8,60,0.00051143,0.01407840,0.03632722
8,120,0.00106796,0.01625546,0.06569877
8,250,0.00222130,0.02224111,0.09987378
8,510,0.00402065,0.03652530,0.11007854
8,1020,0.00723940,0.07001143,0.10340312
8,2040,0.01521462,0.13768982,0.11049923
8,4090,0.03285306,0.27337010,0.12017798
8,8190,0.07437269,0.54364002,0.13680503
8,16380,0.15592419,1.11966223,0.13926002
8,32760,0.32614691,2.28122173,0.14297028
8,131070,1.44849874,10.03318026,0.14437085
16,30,0.00084205,0.02361940,0.03565078
16,60,0.00216405,0.02710516,0.07983893
16,120,0.00408346,0.03929317,0.10392300
16,250,0.00733601,0.05974194,0.12279506
16,510,0.01522072,0.11673964,0.13038174
16,1020,0.03317722,0.23346920,0.14210532
16,2040,0.07198331,0.45677490,0.15759034
16,4090,0.15420932,0.95316636,0.16178637
16,8190,0.31962649,1.95192031,0.16374976
16,16380,0.65389711,4.04646083,0.16159729
16,32760,1.36690466,8.77481831,0.15577584
16,131070,6.29508370,38.82892268,0.16212357
32,30,0.00323521,0.03765565,0.08591580
32,60,0.00665175,0.06134774,0.10842701
32,120,0.01353030,0.10905542,0.12406814
32,250,0.03192684,0.21609267,0.14774605
32,510,0.06356629,0.43325900,0.14671660
32,1020,0.13594349,0.87740601,0.15493796
32,2040,0.27863462,1.83239993,0.15205994
32,4090,0.58106126,3.82733039,0.15181895
32,8190,1.22721163,8.25105715,0.14873387
32,16380,2.59044190,16.89924167,0.15328746
32,32760,5.43448573,33.54973561,0.16198297
64,30,0.01734909,0.11437473,0.15168639
64,60,0.03456341,0.21214131,0.16292633
64,120,0.07584709,0.41721588,0.18179339
64,250,0.15810850,0.85632340,0.18463643
64,510,0.31672971,1.80488346,0.17548486
64,1020,0.70511346,3.78422584,0.18632965
64,2040,1.50611174,8.03538038,0.18743503
64,4090,3.20898846,16.53847534,0.19403170
64,8190,6.75719185,33.14085174,0.20389313
128,30,0.10459459,0.45573303,0.22950847
128,60,0.21628282,0.90998575,0.23767715
128,120,0.42119390,1.91479220,0.21996846
128,250,0.89510601,4.10486035,0.21806004
128,510,1.90532064,8.67959524,0.21951722
128,1020,4.02748880,17.83328056,0.22584116
128,2040,8.69665415,41.25212369,0.21081713
256,30,0.67853652,1.96382758,0.34551736
256,60,1.36737346,4.11839374,0.33201620
256,120,2.90594528,8.80587574,0.33000071
256,250,5.98575259,20.36990867,0.29385270
256,510,12.37774924,41.91378366,0.29531453
512,30,4.41167472,10.33697400,0.42678590
512,60,9.05964808,21.05793261,0.43022495
512,120,18.50116799,44.49278492,0.41582400
1024,30,29.02945457,52.51257503,0.55280958

Bench polynomial matrix multiplication (normal prime)
p = 879973  (normal prime, bit length = 20)
size,degree,ntlx,linbox,ratio(ntlx/linbox)
2,30,0.00001753,0.01495115,0.00117255
2,60,0.00003442,0.03298978,0.00104338
2,120,0.00009445,0.02676168,0.00352934
2,250,0.00028963,0.02913439,0.00994104
2,510,0.00042362,0.03433152,0.01233898
2,1020,0.00081797,0.03841705,0.02129174
2,2040,0.00167959,0.04550223,0.03691221
2,4090,0.00354718,0.03545490,0.10004779
2,8190,0.00628444,0.06889414,0.09121874
2,16380,0.01039230,0.13272693,0.07829833
2,32760,0.02185312,0.26240684,0.08327955
2,131070,0.09889477,1.03823904,0.09525241
4,30,0.00005397,0.04238263,0.00127338
4,60,0.00018413,0.05686011,0.00323826
4,120,0.00029923,0.06722686,0.00445102
4,250,0.00060319,0.07859870,0.00767434
4,510,0.00124963,0.08606572,0.01451954
4,1020,0.00242073,0.01813926,0.13345280
4,2040,0.00504751,0.03446713,0.14644421
4,4090,0.00792825,0.06542286,0.12118474
4,8190,0.01675532,0.13010245,0.12878559
4,16380,0.03677586,0.25210929,0.14587268
4,32760,0.07921112,0.50855736,0.15575651
4,131070,0.35912643,2.02165167,0.17764011
8,30,0.00020460,0.15526747,0.00131775
8,60,0.00053045,0.17648281,0.00300568
8,120,0.00108304,0.19119231,0.00566468
8,250,0.00229546,0.01363209,0.16838611
8,510,0.00473564,0.02392163,0.19796488
8,1020,0.00737573,0.04349135,0.16959075
8,2040,0.01538420,0.08115625,0.18956266
8,4090,0.03327526,0.16967515,0.19611157
8,8190,0.07562835,0.33243237,0.22749997
8,16380,0.15897655,0.66281588,0.23985025
8,32760,0.33033526,1.33880914,0.24673813
8,131070,1.47656191,5.89458530,0.25049462
16,30,0.00087010,0.45014867,0.00193291
16,60,0.00224215,0.01506460,0.14883552
16,120,0.00461183,0.02190529,0.21053511
16,250,0.00747153,0.03797729,0.19673686
16,510,0.01551185,0.07150593,0.21693090
16,1020,0.03329198,0.14283261,0.23308391
16,2040,0.07452953,0.27747900,0.26859522
16,4090,0.15570968,0.58165627,0.26770052
16,8190,0.32103482,1.16565546,0.27541142
16,16380,0.67518653,2.50976261,0.26902406
16,32760,1.40193797,5.28140249,0.26544805
16,131070,13.94278540,22.76486651,0.61246946
32,30,0.00333984,0.02245803,0.14871470
32,60,0.00684252,0.03658419,0.18703497
32,120,0.01378221,0.06622921,0.20809872
32,250,0.02968573,0.13119650,0.22626920
32,510,0.06637401,0.26227455,0.25307073
32,1020,0.13961016,0.52290571,0.26698916
32,2040,0.28620568,1.05137586,0.27222014
32,4090,0.59226804,2.25725140,0.26238461
32,8190,1.24498559,4.78941754,0.25994509
32,16380,2.63501414,9.75916149,0.27000415
32,32760,5.53189033,19.54783943,0.28299242
64,30,0.01752667,0.06610173,0.26514695
64,60,0.03589305,0.12286997,0.29212226
64,120,0.07729786,0.24838848,0.31119743
64,250,0.16255814,0.51072564,0.31828858
64,510,0.33141586,1.04100741,0.31836071
64,1020,0.70586211,2.23186779,0.31626520
64,2040,1.52747805,4.69650211,0.32523738
64,4090,3.26786160,9.57896297,0.34114983
64,8190,6.84752319,19.45464715,0.35197365
128,30,0.10381935,0.25961504,0.39989728
128,60,0.20902531,0.51819114,0.40337493
128,120,0.42845769,1.06192382,0.40347310
128,250,0.88094559,2.43127933,0.36233829
128,510,1.89967461,4.96418163,0.38267629
128,1020,4.08482161,10.09531069,0.40462565
128,2040,8.77122100,20.86561116,0.42036732
256,30,0.68802819,1.05643687,0.65127241
256,60,1.37752750,2.32322591,0.59293739
256,120,2.84598260,4.85973502,0.58562506
256,250,5.97998176,10.26889289,0.58233948
256,510,12.43343918,21.21023948,0.58619985
512,30,4.37255705,5.12732467,0.85279504
512,60,9.09535899,10.80469006,0.84179731
512,120,18.48436237,22.53855667,0.82012183
1024,30,29.19980918,26.15601291,1.11637080

Bench polynomial matrix multiplication (normal prime)
p = 823999907  (normal prime, bit length = 30)
size,degree,ntlx,linbox,ratio(ntlx/linbox)
2,30,0.00001763,0.03007501,0.00058623
2,60,0.00004781,0.01067610,0.00447795
2,120,0.00012712,0.00424408,0.02995300
2,250,0.00039898,0.00359080,0.11111257
2,510,0.00059746,0.00593348,0.10069286
2,1020,0.00125853,0.01056473,0.11912572
2,2040,0.00269465,0.01902070,0.14166947
2,4090,0.00527779,0.03580496,0.14740387
2,8190,0.00924974,0.06927209,0.13352761
2,16380,0.01671704,0.13383896,0.12490413
2,32760,0.03599584,0.25353413,0.14197632
2,131070,0.16959816,1.00333271,0.16903481
4,30,0.00007468,0.01554238,0.00480473
4,60,0.00027722,0.00595533,0.04655005
4,120,0.00080025,0.00698934,0.11449543
4,250,0.00247639,0.00628315,0.39413253
4,510,0.00287915,0.01187795,0.24239429
4,1020,0.00621532,0.01890052,0.32884379
4,2040,0.01039898,0.03541841,0.29360393
4,4090,0.01920406,0.06672874,0.28779293
4,8190,0.04038516,0.12513385,0.32273570
4,16380,0.08658171,0.24607074,0.35185698
4,32760,0.18602789,0.48883206,0.38055583
4,131070,0.82584425,2.50301540,0.32993974
8,30,0.00044341,0.00610745,0.07260163
8,60,0.00165952,0.00780209,0.21270145
8,120,0.00532277,0.01196647,0.44480682
8,250,0.00560631,0.01684200,0.33287695
8,510,0.00975518,0.02901380,0.33622562
8,1020,0.01806023,0.05173357,0.34910085
8,2040,0.03786424,0.08850546,0.42781809
8,4090,0.08896428,0.16776930,0.53027744
8,8190,0.17963388,0.38848084,0.46240088
8,16380,0.37402202,0.77930797,0.47994122
8,32760,0.76614557,1.58534893,0.48326621
8,131070,3.38923108,7.00147473,0.48407389
16,30,0.00221521,0.01425453,0.15540396
16,60,0.00556677,0.01963133,0.28356547
16,120,0.00990092,0.03619987,0.27350697
16,250,0.01909779,0.05911343,0.32307017
16,510,0.03846946,0.09590395,0.40112484
16,1020,0.08082522,0.16450757,0.49131610
16,2040,0.17332666,0.32906433,0.52672578
16,4090,0.36582484,0.66409065,0.55086582
16,8190,0.75827423,1.36355196,0.55610219
16,16380,1.57717323,2.99841969,0.52600149
16,32760,3.26783575,6.15082051,0.53128452
16,131070,14.43397514,27.05097413,0.53358430
32,30,0.00866417,0.07378340,0.11742706
32,60,0.01716813,0.10193476,0.16842270
32,120,0.03502173,0.14213247,0.24640206
32,250,0.07325043,0.15639939,0.46835499
32,510,0.16050316,0.31132326,0.51555146
32,1020,0.32891437,0.62744588,0.52421154
32,2040,0.68092865,1.27883843,0.53245870
32,4090,1.40878349,2.70206298,0.52137330
32,8190,2.97758246,5.80320243,0.51309298
32,16380,6.15327207,11.81690950,0.52071754
32,32760,12.68577663,23.64654356,0.53647488
64,30,0.13722127,0.32416601,0.42330553
64,60,0.08744166,0.14434643,0.60577640
64,120,0.18443789,0.29145786,0.63281153
64,250,0.39125493,0.61114057,0.64020448
64,510,0.77831534,1.25998514,0.61771788
64,1020,1.64314031,2.64648409,0.62087670
64,2040,3.54250873,5.61853234,0.63050429
64,4090,7.41638871,11.57334437,0.64081639
64,8190,15.31473482,23.28718133,0.65764657
128,30,0.57334774,0.31153872,1.84037390
128,60,0.76388135,0.62176562,1.22856801
128,120,1.54900961,1.30113488,1.19050656
128,250,2.01651289,2.82245816,0.71445271
128,510,4.34896974,6.09666985,0.71333529
128,1020,9.01311238,12.29766960,0.73291222
128,2040,19.18084952,25.66779880,0.74727286
256,30,2.51724114,1.30952547,1.92225443
256,60,3.50346873,2.78013567,1.26017905
256,120,7.12211882,5.94854434,1.19728767
256,250,14.79831952,12.63526572,1.17119179
256,510,26.70688724,26.24388782,1.01764218
512,30,11.26848561,6.25258577,1.80221208
512,60,16.82019335,12.83170519,1.31083072
512,120,33.64494929,26.99648497,1.24627148
1024,30,53.81134969,32.43297056,1.65915575

Bench polynomial matrix multiplication (normal prime)
p = 688526273203  (normal prime, bit length = 40)
size,degree,ntlx,linbox,ratio(ntlx/linbox)
2,30,0.00001693,0.05450597,0.00031055
2,60,0.00004740,0.02783906,0.00170275
2,120,0.00013331,0.00734129,0.01815907
2,250,0.00036286,0.00575333,0.06306954
2,510,0.00059693,0.00810233,0.07367373
2,1020,0.00126076,0.01392719,0.09052512
2,2040,0.00267427,0.02347638,0.11391311
2,4090,0.00566570,0.04419616,0.12819435
2,8190,0.00898055,0.08695581,0.10327717
2,16380,0.01665320,0.16863521,0.09875283
2,32760,0.03584336,0.33366083,0.10742454
2,131070,0.16916640,1.32563633,0.12761147
4,30,0.00007509,0.02076492,0.00361629
4,60,0.00025610,0.00943444,0.02714577
4,120,0.00079787,0.01067785,0.07472231
4,250,0.00254893,0.00970860,0.26254357
4,510,0.00299057,0.01327066,0.22535185
4,1020,0.00622371,0.02207047,0.28199281
4,2040,0.01101535,0.04055265,0.27163077
4,4090,0.01932569,0.07823284,0.24702786
4,8190,0.04030263,0.15479236,0.26036574
4,16380,0.08678886,0.30895452,0.28091143
4,32760,0.18713625,0.61808004,0.30277025
4,131070,0.83069995,2.54718561,0.32612463
8,30,0.00044466,0.00934626,0.04757584
8,60,0.00179668,0.01097836,0.16365647
8,120,0.00536098,0.01131648,0.47373221
8,250,0.00559292,0.01653392,0.33826955
8,510,0.00958988,0.02808374,0.34147442
8,1020,0.01817628,0.05377210,0.33802433
8,2040,0.03853345,0.09840294,0.39158839
8,4090,0.08077693,0.19510495,0.41401785
8,8190,0.17849788,0.39039544,0.45722327
8,16380,0.37198077,0.78333654,0.47486712
8,32760,0.76793271,1.61389325,0.47582621
8,131070,3.45613101,6.94908335,0.49735063
16,30,0.00222261,0.01605103,0.13847126
16,60,0.00563032,0.01518976,0.37066578
16,120,0.00973557,0.02559205,0.38041378
16,250,0.01842607,0.04449388,0.41412594
16,510,0.03786551,0.09202783,0.41145720
16,1020,0.08022332,0.16720054,0.47980302
16,2040,0.17565804,0.33181645,0.52938315
16,4090,0.36643096,0.67384236,0.54379330
16,8190,0.76299707,1.36676376,0.55825088
16,16380,1.55713764,3.02143999,0.51536275
16,32760,3.22237764,7.14930215,0.45072618
16,131070,14.46980379,31.40637406,0.46072825
32,30,0.00868872,0.03674048,0.23648909
32,60,0.01739132,0.05002548,0.34764921
32,120,0.03478729,0.07933692,0.43847536
32,250,0.07582343,0.15794139,0.48007318
32,510,0.15952328,0.31855192,0.50077639
32,1020,0.32812867,0.62898996,0.52167553
32,2040,0.67876400,1.30482302,0.52019621
32,4090,1.41020996,2.80160943,0.50335709
32,8190,2.92351789,6.62504568,0.44128268
32,16380,6.16284629,13.53446603,0.45534462
32,32760,12.65128139,26.76120280,0.47274711
64,30,0.13879208,0.08540395,1.62512476
64,60,0.08948927,0.15259174,0.58646211
64,120,0.18131032,0.31183285,0.58143433
64,250,0.36464849,0.63272300,0.57631616
64,510,0.77245082,1.26957912,0.60843063
64,1020,1.64786935,3.04937529,0.54039572
64,2040,3.49018870,6.40672032,0.54476995
64,4090,7.41018642,13.26296966,0.55871246
64,8190,15.36767142,26.62235956,0.57724678
128,30,0.58754055,0.39261235,1.49649023
128,60,0.79731543,0.72781620,1.09549009
128,120,1.59004919,1.62449337,0.97879697
128,250,1.99045297,3.29513587,0.60405793
128,510,4.27905179,7.02499149,0.60911843
128,1020,9.03918480,14.47017569,0.62467692
128,2040,19.17903849,29.66791475,0.64645725
256,30,2.59406102,1.55494410,1.66826642
256,60,3.64400290,3.25907317,1.11811018
256,120,7.41221155,6.98045185,1.06185269
256,250,15.59859182,14.59496749,1.06876510
256,510,26.55313343,30.21479890,0.87881218
512,30,11.89903643,7.34952962,1.61902013
512,60,17.85786969,15.19663714,1.17511983
512,120,36.18117687,31.88429610,1.13476480
1024,30,58.18465473,37.02705115,1.57140936

Bench polynomial matrix multiplication (normal prime)
p = 1054835355159301  (normal prime, bit length = 50)
size,degree,ntlx,linbox,ratio(ntlx/linbox)
2,30,0.00002034,0.03035903,0.00066998
2,60,0.00004993,0.01421556,0.00351228
2,120,0.00012910,0.01040059,0.01241237
2,250,0.00038973,0.00884204,0.04407739
2,510,0.00084125,0.01127384,0.07462008
2,1020,0.00172718,0.01768912,0.09764081
2,2040,0.00377585,0.02858455,0.13209420
2,4090,0.00804982,0.05388099,0.14939998
2,8190,0.01231795,0.10476968,0.11757171
2,16380,0.02381149,0.20513551,0.11607687
2,32760,0.05188361,0.40302092,0.12873677
2,131070,0.24017840,1.60162596,0.14995911
4,30,0.00007635,0.01404875,0.00543493
4,60,0.00027567,0.01303281,0.02115230
4,120,0.00079994,0.01442062,0.05547203
4,250,0.00255068,0.01044557,0.24418768
4,510,0.00300932,0.01624024,0.18529994
4,1020,0.00622278,0.02455076,0.25346575
4,2040,0.01032790,0.04656556,0.22179260
4,4090,0.01939755,0.09124569,0.21258589
4,8190,0.04041460,0.18255734,0.22138029
4,16380,0.08724797,0.36336718,0.24010967
4,32760,0.18699090,0.73287387,0.25514746
4,131070,1.21875005,2.96587212,0.41092468
8,30,0.00044593,0.01079137,0.04132247
8,60,0.00180222,0.01264690,0.14250310
8,120,0.00529739,0.01637231,0.32355784
8,250,0.00560048,0.01994037,0.28086154
8,510,0.00968399,0.03120865,0.31029838
8,1020,0.01827123,0.05799218,0.31506362
8,2040,0.03768011,0.11313871,0.33304350
8,4090,0.08081569,0.22533209,0.35865151
8,8190,0.17792218,0.44801291,0.39713627
8,16380,0.37371309,0.90301959,0.41384827
8,32760,0.76402942,1.81664755,0.42057108
8,131070,4.92475562,8.17300270,0.60256381
16,30,0.00220941,0.01504214,0.14688099
16,60,0.00555383,0.01932643,0.28736951
16,120,0.00985255,0.02801281,0.35171596
16,250,0.01836322,0.04940415,0.37169398
16,510,0.03761707,0.09617854,0.39111706
16,1020,0.08033148,0.19019995,0.42235276
16,2040,0.17430777,0.40039157,0.43534326
16,4090,0.36821153,0.76639282,0.48044751
16,8190,0.75077099,1.55399453,0.48312331
16,16380,1.54625776,3.26966362,0.47291035
16,32760,4.65599169,6.79190104,0.68552113
16,131070,21.37995233,30.24119719,0.70698102
32,30,0.00850891,0.03626994,0.23459951
32,60,0.01713960,0.05255544,0.32612417
32,120,0.03495276,0.08897496,0.39283816
32,250,0.07297953,0.17743897,0.41129367
32,510,0.15886245,0.35347040,0.44943635
32,1020,0.32891023,0.70764090,0.46479822
32,2040,0.68161088,1.42858155,0.47712424
32,4090,1.39719485,3.05335254,0.45759369
32,8190,2.87089320,6.34088557,0.45275903
32,16380,8.85531428,13.74217796,0.64438943
32,32760,18.43438693,33.32073176,0.55324076
64,30,0.13933652,0.09161451,1.52090003
64,60,0.08730316,0.16486787,0.52953409
64,120,0.18113308,0.34026045,0.53233657
64,250,0.35726361,0.69243917,0.51594946
64,510,0.81097988,1.40972319,0.57527597
64,1020,1.64827502,2.97315037,0.55438670
64,2040,3.44903747,6.37120236,0.54134797
64,4090,7.31422125,16.01478854,0.45671669
64,8190,22.34455531,33.11572529,0.67474153
128,30,0.58490237,0.36831337,1.58805629
128,60,1.00460588,0.74735522,1.34421470
128,120,2.08808334,1.53716929,1.35839517
128,250,2.00002998,3.26602993,0.61237344
128,510,4.59653162,8.21649163,0.55942753
128,1020,9.57555693,17.75943226,0.53918148
128,2040,19.28425012,36.92387305,0.52227051
256,30,2.59790441,1.69004568,1.53718000
256,60,4.55533510,3.52798929,1.29119868
256,120,9.44591519,7.74658541,1.21936501
256,250,19.82591001,16.62600550,1.19246382
256,510,26.61155689,34.81726929,0.76432062
512,30,11.91994025,8.39740968,1.41947823
512,60,21.48180017,17.37343742,1.23647380
512,120,44.13042664,36.84604783,1.19769770
1024,30,58.06139954,42.79666623,1.35668043

Bench polynomial matrix multiplication (normal prime)
p = 1138198087470871051  (normal prime, bit length = 60)
size,degree,ntlx,linbox,ratio(ntlx/linbox)
2,30,0.00001816,0.13746228,0.00013211
2,60,0.00004827,0.12937818,0.00037310
2,120,0.00012153,0.15063986,0.00080673
2,250,0.00039366,0.15084237,0.00260972
2,510,0.00082810,0.16384191,0.00505427
2,1020,0.00176146,0.01925648,0.09147349
2,2040,0.00362494,0.03291422,0.11013297
2,4090,0.00754522,0.06381803,0.11823023
2,8190,0.01152679,0.12602577,0.09146372
2,16380,0.02335635,0.24574263,0.09504394
2,32760,0.05099197,0.48604089,0.10491293
2,131070,0.23612401,1.94575886,0.12135317
4,30,0.00007586,0.93958347,0.00008073
4,60,0.00027406,0.02707760,0.01012121
4,120,0.00077913,0.01854247,0.04201884
4,250,0.00252258,0.01409555,0.17896280
4,510,0.00443679,0.01821452,0.24358550
4,1020,0.00863903,0.02899711,0.29792719
4,2040,0.01454570,0.05530171,0.26302436
4,4090,0.02900034,0.10893317,0.26622137
4,8190,0.06070505,0.21960126,0.27643309
4,16380,0.13277994,0.44102758,0.30106948
4,32760,0.27987595,0.88546453,0.31607811
4,131070,1.24225752,3.59200417,0.34583967
8,30,0.00044676,0.02260862,0.01976052
8,60,0.00167514,0.01350459,0.12404223
8,120,0.00535292,0.01575333,0.33979603
8,250,0.00823172,0.02280816,0.36091101
8,510,0.01374131,0.03663634,0.37507313
8,1020,0.02728330,0.06953204,0.39238460
8,2040,0.05680116,0.13755157,0.41294451
8,4090,0.12169926,0.27301005,0.44576842
8,8190,0.26847182,0.55072804,0.48748529
8,16380,0.56066504,1.10666080,0.50662772
8,32760,1.14958747,2.21539971,0.51890748
8,131070,5.01268630,9.50936297,0.52713166
16,30,0.00336984,0.02621561,0.12854313
16,60,0.00814302,0.02682683,0.30353992
16,120,0.01403984,0.03423712,0.41007665
16,250,0.02764634,0.06083964,0.45441326
16,510,0.05713702,0.11759816,0.48586658
16,1020,0.12299887,0.23280686,0.52833010
16,2040,0.26234942,0.46828386,0.56023588
16,4090,0.55085861,0.94179019,0.58490588
16,8190,1.13405234,1.89562282,0.59824789
16,16380,2.34475081,4.01359732,0.58420181
16,32760,4.75867634,8.34825374,0.57002057
16,131070,21.48364894,38.79744032,0.55373882
32,30,0.01287188,0.03582153,0.35933363
32,60,0.02587652,0.05982468,0.43253918
32,120,0.05339369,0.10832327,0.49291055
32,250,0.11140846,0.21681188,0.51384851
32,510,0.23921096,0.43649237,0.54803012
32,1020,0.49515237,0.88031643,0.56247089
32,2040,1.02622821,1.76654075,0.58092530
32,4090,2.10375774,3.72089329,0.56539051
32,8190,4.34334331,7.78090558,0.55820537
32,16380,8.94690986,16.45612279,0.54368274
32,32760,18.90692533,34.47680733,0.54839548
64,30,0.13870550,0.11415537,1.21505894
64,60,0.13058650,0.20547029,0.63554929
64,120,0.27541179,0.41895941,0.65737106
64,250,0.55365412,0.85664835,0.64630267
64,510,1.22319560,1.77007506,0.69104166
64,1020,2.47022362,3.69880868,0.66784304
64,2040,5.22568426,7.57016489,0.69029993
64,4090,10.80586365,16.07033530,0.67241059
64,8190,22.77335661,33.77813173,0.67420415
128,30,0.58442213,0.46394734,1.25967343
128,60,0.99069605,0.90586056,1.09365182
128,120,2.05281881,1.87131908,1.09699026
128,250,2.97672406,3.98520429,0.74694391
128,510,6.53934601,8.19158539,0.79830041
128,1020,13.88061329,17.27256781,0.80362187
128,2040,28.85738562,40.24310924,0.71707644
256,30,2.60050016,1.91478688,1.35811468
256,60,4.57240339,4.00569928,1.14147445
256,120,9.22955193,8.31370331,1.11016133
256,250,19.29731031,19.53263742,0.98795211
256,510,39.79476133,39.68377281,1.00279682
512,30,11.87181973,9.36612888,1.26752684
512,60,21.11072170,20.44448143,1.03258778
512,120,42.75152432,42.11415722,1.01513427
1024,30,57.70329288,50.55978171,1.14128841
