Bench polynomial matrix multiplication (FFT prime)
p = 786433  (FFT prime, bit length = 20)
size,degree,ntlx,linbox,ratio(ntlx/linbox)
2,30,0.00001394,0.00016016,0.08704584
2,60,0.00002934,0.00016280,0.18024179
2,120,0.00007095,0.00028867,0.24578160
2,250,0.00009487,0.00063412,0.14960299
2,510,0.00018373,0.00118455,0.15510239
2,1020,0.00038258,0.00249401,0.15339807
2,2040,0.00080702,0.00496543,0.16252842
2,4090,0.00172109,0.01018175,0.16903723
2,8190,0.00369971,0.02095536,0.17655192
2,16380,0.00779219,0.04210905,0.18504774
2,32760,0.01677351,0.08389040,0.19994554
2,131070,0.08665729,0.34169381,0.25361096
4,30,0.00005247,0.00012249,0.42839300
4,60,0.00027860,0.00020422,1.36423286
4,120,0.00023410,0.00039065,0.59925508
4,250,0.00041639,0.00082075,0.50733050
4,510,0.00062805,0.00161554,0.38875818
4,1020,0.00096767,0.00338615,0.28577419
4,2040,0.00185086,0.00709709,0.26079101
4,4090,0.00375223,0.01450202,0.25873823
4,8190,0.00798578,0.03097310,0.25782950
4,16380,0.01774108,0.06318011,0.28080170
4,32760,0.03995538,0.11982493,0.33344794
4,131070,0.21791811,0.57734402,0.37744932
8,30,0.00017901,0.00021645,0.82703022
8,60,0.00022427,0.00039448,0.56850613
8,120,0.00037245,0.00074424,0.50043803
8,250,0.00072542,0.00152169,0.47671865
8,510,0.00157484,0.00315782,0.49871224
8,1020,0.00300394,0.00673961,0.44571369
8,2040,0.00651017,0.01407314,0.46259513
8,4090,0.01558792,0.03005777,0.51859884
8,8190,0.03819508,0.05927917,0.64432551
8,16380,0.08331244,0.12072825,0.69008244
8,32760,0.17999356,0.25076378,0.71778135
8,131070,0.90781346,1.20808834,0.75144626
16,30,0.00066677,0.00052994,1.25819100
16,60,0.00073498,0.00108268,0.67885248
16,120,0.00133039,0.00226514,0.58733232
16,250,0.00271554,0.00493878,0.54984022
16,510,0.00572436,0.01035859,0.55262012
16,1020,0.01317782,0.02162201,0.60946310
16,2040,0.03125923,0.04516138,0.69216728
16,4090,0.06840016,0.08944638,0.76470577
16,8190,0.14544843,0.18608947,0.78160479
16,16380,0.30258014,0.37559829,0.80559510
16,32760,0.62542913,0.86940652,0.71937479
16,131070,3.35340837,4.64442551,0.72202867
32,30,0.00136526,0.01414567,0.09651404
32,60,0.00263275,0.00425783,0.61833119
32,120,0.00513504,0.00923176,0.55623649
32,250,0.01128333,0.01910244,0.59067484
32,510,0.02784431,0.03888337,0.71609822
32,1020,0.06178646,0.08036768,0.76879735
32,2040,0.12828121,0.17061621,0.75186999
32,4090,0.28800463,0.38371997,0.75055941
32,8190,0.63302315,0.83027190,0.76242872
32,16380,1.32583209,1.71053770,0.77509668
32,32760,2.87289538,3.53323528,0.81310616
64,30,0.00548456,0.05009204,0.10948958
64,60,0.01245402,0.01775277,0.70152574
64,120,0.02194552,0.03792650,0.57863290
64,250,0.04866619,0.07883733,0.61729877
64,510,0.11602991,0.16692318,0.69510963
64,1020,0.25851480,0.36490988,0.70843464
64,2040,0.59225466,0.79901784,0.74122834
64,4090,1.26796561,1.66019406,0.76374542
64,8190,2.68235100,3.38413069,0.79262630
128,30,0.03221579,0.04893172,0.65838257
128,60,0.06283241,0.07524311,0.83505871
128,120,0.11540591,0.16477910,0.70036740
128,250,0.24519124,0.36618013,0.66959188
128,510,0.65727506,0.80147473,0.82008207
128,1020,1.43050386,1.69100280,0.84595002
128,2040,3.25956564,3.45794705,0.94263029
256,30,0.14569343,0.17331115,0.84064663
256,60,0.28126249,0.37783937,0.74439697
256,120,0.63257771,0.86584895,0.73058668
256,250,1.51364535,1.79143082,0.84493653
256,510,3.55918657,3.58468151,0.99288781
512,30,0.75799244,1.02081757,0.74253467
512,60,1.55372071,2.04615546,0.75933659
512,120,4.55442606,4.30730609,1.05737228
1024,30,4.37314030,5.54250229,0.78901912


p = 2013265921  (FFT prime, bit length = 31)
size,degree,ntlx,linbox,ratio(ntlx/linbox)
2,30,0.00001712,0.04067024,0.00042102
2,60,0.00004647,0.01092226,0.00425498
2,120,0.00012700,0.00688730,0.01843916
2,250,0.00013771,0.00481347,0.02861013
2,510,0.00027989,0.00724981,0.03860723
2,1020,0.00053575,0.01344980,0.03983301
2,2040,0.00127958,0.02158175,0.05929014
2,4090,0.00270134,0.03860164,0.06998001
2,8190,0.00516151,0.06950062,0.07426572
2,16380,0.00779148,0.13149344,0.05925375
2,32760,0.01676454,0.25550313,0.06561382
2,131070,0.08363137,1.32651781,0.06304580
4,30,0.00007329,0.01049752,0.00698127
4,60,0.00010179,0.00631205,0.01612599
4,120,0.00013582,0.00772360,0.01758467
4,250,0.00023449,0.01394143,0.01681943
4,510,0.00044329,0.01992222,0.02225098
4,1020,0.00089887,0.02858349,0.03144707
4,2040,0.00181968,0.04549163,0.04000028
4,4090,0.00375991,0.07261983,0.05177518
4,8190,0.00790387,0.15453947,0.05114469
4,16380,0.01755212,0.30635864,0.05729271
4,32760,0.04006072,0.61523326,0.06511469
4,131070,0.20488696,2.56578689,0.07985346
8,30,0.00040841,0.01326476,0.03078888
8,60,0.00022536,0.02638438,0.00854134
8,120,0.00041190,0.03598133,0.01144747
8,250,0.00083196,0.04688083,0.01774629
8,510,0.00173081,0.05979397,0.02894621
8,1020,0.00346616,0.08549035,0.04054446
8,2040,0.00748835,0.09953240,0.07523526
8,4090,0.01717157,0.20010833,0.08581138
8,8190,0.04139819,0.39031557,0.10606339
8,16380,0.08814580,0.78436699,0.11237826
8,32760,0.18719505,1.66232331,0.11261049
8,131070,0.94479315,7.22296810,0.13080400
16,30,0.00068312,0.10239461,0.00667147
16,60,0.00084341,0.11542700,0.00730687
16,120,0.00166755,0.13515934,0.01233768
16,250,0.00338454,0.04713360,0.07180726
16,510,0.00718833,0.08419792,0.08537424
16,1020,0.01604123,0.16357405,0.09806708
16,2040,0.03830106,0.32382620,0.11827658
16,4090,0.07897147,0.65432005,0.12069241
16,8190,0.16693417,1.35157952,0.12351043
16,16380,0.35669506,2.91869805,0.12221033
16,32760,0.76665264,6.09929149,0.12569536
16,131070,3.94408067,27.82483787,0.14174676
32,30,0.00160751,0.41681287,0.00385667
32,60,0.00323208,0.04658347,0.06938246
32,120,0.00628051,0.08256853,0.07606421
32,250,0.01350815,0.15635152,0.08639603
32,510,0.03357120,0.31206623,0.10757717
32,1020,0.07111288,0.63008022,0.11286322
32,2040,0.14732836,1.33369602,0.11046622
32,4090,0.31235511,2.84090526,0.10994915
32,8190,0.65232507,5.74490228,0.11354851
32,16380,1.40804623,11.67578377,0.12059544
32,32760,3.31019959,23.01312907,0.14383961
64,30,0.00787807,0.08151602,0.09664442
64,60,0.01581676,0.14960744,0.10572176
64,120,0.03142533,0.29126946,0.10789092
64,250,0.06961028,0.61585384,0.11303051
64,510,0.15930247,1.34302028,0.11861509
64,1020,0.32934000,2.79003056,0.11804172
64,2040,0.73185325,5.62812112,0.13003509
64,4090,1.63375017,11.48087923,0.14230183
64,8190,3.46166057,23.05190988,0.15016806
128,30,0.05151516,0.31104761,0.16561826
128,60,0.09888813,0.62146074,0.15912209
128,120,0.19670389,1.34646214,0.14608943
128,250,0.38640826,2.95800687,0.13063129
128,510,0.94143031,6.01930246,0.15640189
128,1020,2.13309996,12.43094531,0.17159596
128,2040,4.51868085,25.62202217,0.17635926
256,30,0.28875798,1.34703691,0.21436530
256,60,0.58274138,2.83859258,0.20529236
256,120,1.35395718,5.94811658,0.22762788
256,250,2.81384611,12.73165487,0.22101181
256,510,6.27929267,26.20439645,0.23962745
512,30,1.94235452,6.64727941,0.29220293
512,60,4.19573092,13.47378401,0.31139960
512,120,9.10438990,27.86888423,0.32668656
1024,30,13.47635559,32.92267192,0.40933359


p = 2748779069441  (FFT prime, bit length = 42)
size,degree,ntlx,linbox,ratio(ntlx/linbox)
2,30,0.00001744,0.05451577,0.00031985
2,60,0.00004730,0.02780440,0.00170106
2,120,0.00012442,0.00934119,0.01331960
2,250,0.00013601,0.00513419,0.02649044
2,510,0.00028118,0.00775135,0.03627445
2,1020,0.00059619,0.01358950,0.04387160
2,2040,0.00127572,0.02314894,0.05510919
2,4090,0.00257806,0.04463453,0.05775941
2,8190,0.00476913,0.08709481,0.05475796
2,16380,0.00782412,0.16976121,0.04608896
2,32760,0.01671318,0.33424100,0.05000338
2,131070,0.08336823,1.27845878,0.06520995
4,30,0.00007382,0.01220696,0.00604712
4,60,0.00013548,0.00946844,0.01430848
4,120,0.00020962,0.01067250,0.01964114
4,250,0.00038313,0.00926766,0.04134010
4,510,0.00074927,0.01189614,0.06298448
4,1020,0.00152066,0.02133553,0.07127365
4,2040,0.00312851,0.04069781,0.07687177
4,4090,0.00418722,0.07873350,0.05318220
4,8190,0.00833505,0.15555564,0.05358243
4,16380,0.01836341,0.31024847,0.05918936
4,32760,0.04234009,0.59634943,0.07099880
4,131070,0.21359524,3.04056340,0.07024857
8,30,0.00041871,0.02146462,0.01950689
8,60,0.00022967,0.02293276,0.01001475
8,120,0.00040888,0.01081658,0.03780121
8,250,0.00079942,0.01952625,0.04094093
8,510,0.00163397,0.02786120,0.05864661
8,1020,0.00337342,0.05158683,0.06539313
8,2040,0.00723600,0.10094236,0.07168452
8,4090,0.01669127,0.19665448,0.08487613
8,8190,0.04009241,0.37683147,0.10639347
8,16380,0.08670944,0.75345829,0.11508194
8,32760,0.18968136,1.86520134,0.10169484
8,131070,0.96169400,8.36498952,0.11496655
16,30,0.00052918,0.01818186,0.02910505
16,60,0.00084707,0.01769790,0.04786286
16,120,0.00168062,0.02886864,0.05821608
16,250,0.00348971,0.05415275,0.06444203
16,510,0.00733805,0.09440491,0.07772957
16,1020,0.01615488,0.17388065,0.09290785
16,2040,0.03813384,0.32945688,0.11574760
16,4090,0.07935494,0.75348387,0.10531737
16,8190,0.16954308,1.56585405,0.10827515
16,16380,0.35356156,3.47974324,0.10160565
16,32760,0.80237988,7.07740048,0.11337212
16,131070,3.97737589,32.28691882,0.12318846
32,30,0.00187915,0.05351074,0.03511730
32,60,0.00332018,0.08380114,0.03961977
32,120,0.00661548,0.12718380,0.05201509
32,250,0.01486904,0.20752167,0.07165055
32,510,0.03518340,0.34669560,0.10148209
32,1020,0.07277617,0.70304932,0.10351504
32,2040,0.15266296,1.46579170,0.10415051
32,4090,0.31561554,3.16621613,0.09968225
32,8190,0.69423207,6.61877886,0.10488824
32,16380,1.50275763,13.40028208,0.11214373
32,32760,3.51406757,26.22135525,0.13401548
64,30,0.00873952,0.32173421,0.02716380
64,60,0.01756939,0.16559984,0.10609545
64,120,0.03480451,0.33340289,0.10439176
64,250,0.07344245,0.69774981,0.10525614
64,510,0.17541830,1.47553029,0.11888492
64,1020,0.37185669,3.06081813,0.12148931
64,2040,0.85525349,6.38163187,0.13401799
64,4090,1.77417078,13.39887932,0.13241188
64,8190,3.82802276,26.23641536,0.14590495
128,30,0.05836378,0.36016139,0.16204896
128,60,0.10800441,0.72521058,0.14892834
128,120,0.20954475,1.54937886,0.13524436
128,250,0.45001123,3.37304202,0.13341406
128,510,1.12048909,6.95162535,0.16118376
128,1020,2.37212353,14.63866172,0.16204511
128,2040,5.09246847,29.67836993,0.17158855
256,30,0.32917716,1.54977154,0.21240367
256,60,0.73928117,3.26111204,0.22669604
256,120,1.58131283,7.02372408,0.22513880
256,250,3.28574841,14.83215777,0.22152869
256,510,7.20040021,30.46253922,0.23636901
512,30,2.46593309,7.56094538,0.32614084
512,60,4.98832309,15.45849161,0.32269145
512,120,10.51126981,33.28734649,0.31577374
1024,30,16.35183777,39.79207825,0.41093199


p = 1139410705724735489  (FFT prime, bit length = 60)
size,degree,ntlx,linbox,ratio(ntlx/linbox)
2,30,0.00001820,0.13674689,0.00013311
2,60,0.00004755,0.13223463,0.00035960
2,120,0.00012726,0.14798671,0.00085997
2,250,0.00013746,0.15109460,0.00090973
2,510,0.00026003,0.16402605,0.00158530
2,1020,0.00059578,0.01902179,0.03132076
2,2040,0.00127594,0.03270064,0.03901888
2,4090,0.00269933,0.06370780,0.04237049
2,8190,0.00429512,0.12482143,0.03441013
2,16380,0.00780774,0.24589252,0.03175267
2,32760,0.01662921,0.48784442,0.03408713
2,131070,0.08278817,1.94138969,0.04264377
4,30,0.00007530,0.89161093,0.00008446
4,60,0.00015285,0.02710260,0.00563964
4,120,0.00023831,0.01199687,0.01986468
4,250,0.00036753,0.01230799,0.02986151
4,510,0.00066944,0.02010048,0.03330493
4,1020,0.00131496,0.02938703,0.04474620
4,2040,0.00334425,0.05529093,0.06048455
4,4090,0.00409916,0.10952004,0.03742842
4,8190,0.00839319,0.22091481,0.03799288
4,16380,0.01880705,0.44271895,0.04248080
4,32760,0.04144539,0.88557908,0.04680032
4,131070,0.20846705,3.71879251,0.05605773
8,30,0.00042111,0.03544420,0.01188081
8,60,0.00022806,0.01853681,0.01230303
8,120,0.00041704,0.01824900,0.02285292
8,250,0.00080028,0.02301523,0.03477189
8,510,0.00163503,0.03623987,0.04511691
8,1020,0.00340287,0.06930574,0.04909940
8,2040,0.00719054,0.13634189,0.05273904
8,4090,0.01703101,0.27091245,0.06286537
8,8190,0.04085211,0.55546810,0.07354538
8,16380,0.08865043,1.12397673,0.07887212
8,32760,0.19723767,2.27394919,0.08673794
8,131070,0.93461371,10.25332830,0.09115223
16,30,0.00072197,0.03066403,0.02354466
16,60,0.00083900,0.03465976,0.02420689
16,120,0.00167092,0.03648447,0.04579820
16,250,0.00338291,0.06056264,0.05585795
16,510,0.00714818,0.11656937,0.06132123
16,1020,0.01603727,0.23166939,0.06922483
16,2040,0.03671229,0.46873607,0.07832188
16,4090,0.07952576,0.92597652,0.08588313
16,8190,0.16881359,1.95821817,0.08620775
16,16380,0.35889361,4.22373492,0.08497068
16,32760,0.76291753,8.81987673,0.08649980
16,131070,3.88312568,40.58040122,0.09568968
32,30,0.00183752,0.04071204,0.04513461
32,60,0.00340361,0.06533935,0.05209128
32,120,0.00672333,0.11019261,0.06101434
32,250,0.01500906,0.22231322,0.06751311
32,510,0.03511564,0.44275278,0.07931207
32,1020,0.07343104,0.88148077,0.08330419
32,2040,0.15061834,1.83999270,0.08185812
32,4090,0.32104508,3.93472704,0.08159272
32,8190,0.66668150,8.20758349,0.08122750
32,16380,1.49308903,16.93348631,0.08817375
32,32760,3.48829980,34.14561916,0.10215951
64,30,0.00876238,0.11801011,0.07425106
64,60,0.01741150,0.20918268,0.08323586
64,120,0.03489868,0.42091876,0.08291074
64,250,0.07478639,0.86878037,0.08608204
64,510,0.17149216,1.81402604,0.09453677
64,1020,0.36534519,3.95730249,0.09232178
64,2040,0.78406156,8.06024907,0.09727510
64,4090,1.77876859,16.29425586,0.10916538
64,8190,3.79469939,32.93845600,0.11520575
128,30,0.05604878,0.45738326,0.12254226
128,60,0.10463153,0.91657983,0.11415430
128,120,0.21644780,1.95271296,0.11084466
128,250,0.44923975,4.31554393,0.10409806
128,510,1.07903968,8.85250064,0.12189095
128,1020,2.32146815,17.79370211,0.13046572
128,2040,4.88525559,40.84409165,0.11960740
256,30,0.33697579,1.98060177,0.17013808
256,60,0.67874624,4.23090675,0.16042572
256,120,1.55336145,8.87872039,0.17495330
256,250,3.10075207,20.26316665,0.15302406
256,510,6.87145920,42.24915133,0.16264135
512,30,2.34597691,10.34665497,0.22673772
512,60,4.97866624,21.65073579,0.22995367
512,120,10.00166040,44.77720604,0.22336499
1024,30,16.21367264,52.85493608,0.30675797


Bench polynomial matrix multiplication (normal prime)
p = 538823  (normal prime, bit length = 20)
size,degree,ntlx,linbox,ratio(ntlx/linbox)
2,30,0.00001481,0.02147389,0.00068958
2,60,0.00003431,0.01228288,0.00279307
2,120,0.00009101,0.01341029,0.00678665
2,250,0.00031648,0.01135687,0.02786658
2,510,0.00038257,0.01604022,0.02385055
2,1020,0.00070035,0.02040520,0.03432232
2,2040,0.00141012,0.02685011,0.05251838
2,4090,0.00283057,0.03797388,0.07453987
2,8190,0.00529221,0.06929331,0.07637410
2,16380,0.00612759,0.13403595,0.04571600
2,32760,0.01251556,0.26143405,0.04787273
2,131070,0.05841256,1.03880940,0.05623029
4,30,0.00005196,0.00801527,0.00648325
4,60,0.00018771,0.01696111,0.01106720
4,120,0.00017007,0.02589094,0.00656878
4,250,0.00027057,0.03803930,0.00711301
4,510,0.00051039,0.03888594,0.01312541
4,1020,0.00101607,0.04586203,0.02215499
4,2040,0.00206120,0.03450083,0.05974344
4,4090,0.00423539,0.06534616,0.06481468
4,8190,0.00864917,0.13050974,0.06627220
4,16380,0.01931290,0.25238889,0.07652039
4,32760,0.04221530,0.50270877,0.08397565
4,131070,0.22400891,2.04252435,0.10967258
8,30,0.00032154,0.04625132,0.00695206
8,60,0.00024714,0.06490820,0.00380755
8,120,0.00044141,0.07833534,0.00563488
8,250,0.00086735,0.08987722,0.00965040
8,510,0.00174940,0.02371170,0.07377795
8,1020,0.00403359,0.04270659,0.09444890
8,2040,0.00757307,0.08123982,0.09321875
8,4090,0.01727853,0.16584147,0.10418705
8,8190,0.04154017,0.32725981,0.12693331
8,16380,0.08997498,0.65685291,0.13697889
8,32760,0.18996554,1.33061333,0.14276539
8,131070,0.93863882,5.84247540,0.16065773
16,30,0.00074169,0.17348750,0.00427519
16,60,0.00089994,0.19307963,0.00466099
16,120,0.00180777,0.22195215,0.00814488
16,250,0.00357745,0.04096231,0.08733506
16,510,0.00775284,0.07158746,0.10829888
16,1020,0.01670898,0.13881487,0.12036878
16,2040,0.03869438,0.27124048,0.14265710
16,4090,0.08203379,0.57245000,0.14330297
16,8190,0.17276576,1.17298856,0.14728682
16,16380,0.35796662,2.47439136,0.14466856
16,32760,0.79603665,5.16414579,0.15414682
16,131070,4.03320208,23.75987082,0.16974849
32,30,0.00186380,0.50290594,0.00370606
32,60,0.00347531,0.03555368,0.09774813
32,120,0.00697225,0.06615175,0.10539779
32,250,0.01518677,0.13179591,0.11522946
32,510,0.03755010,0.26055896,0.14411364
32,1020,0.07811591,0.52357255,0.14919787
32,2040,0.15925263,1.06523385,0.14950016
32,4090,0.33323055,2.25574043,0.14772557
32,8190,0.68343497,4.70545236,0.14524320
32,16380,1.56746307,9.55858696,0.16398481
32,32760,3.62611017,19.30864049,0.18779728
64,30,0.00909808,0.06664812,0.13650912
64,60,0.01872447,0.12727763,0.14711516
64,120,0.03853981,0.24842577,0.15513611
64,250,0.07700406,0.50916866,0.15123488
64,510,0.17569055,1.04649990,0.16788396
64,1020,0.37101386,2.27047191,0.16340826
64,2040,0.80043769,4.67227308,0.17131655
64,4090,1.82405887,9.52058712,0.19159101
64,8190,3.88288928,19.16807517,0.20257064
128,30,0.05778760,0.25739949,0.22450549
128,60,0.11494355,0.51558978,0.22293604
128,120,0.21994662,1.06887373,0.20577419
128,250,0.45833858,2.37259516,0.19318027
128,510,1.01887688,4.94324939,0.20611480
128,1020,2.35075714,9.95457759,0.23614836
128,2040,4.96413642,20.68367250,0.24000266
256,30,0.34306158,1.05671616,0.32464875
256,60,0.66536414,2.26469643,0.29379838
256,120,1.54307588,4.73332030,0.32600284
256,250,3.24597782,10.31165764,0.31478720
256,510,7.00357931,21.02889991,0.33304544
512,30,2.34527998,4.96051836,0.47278930
512,60,4.93809610,10.48373227,0.47102463
512,120,10.07272665,22.57720683,0.44614583
1024,30,16.24966244,26.37359651,0.61613373


Bench polynomial matrix multiplication (normal prime)
p = 670081603  (normal prime, bit length = 30)
size,degree,ntlx,linbox,ratio(ntlx/linbox)
2,30,0.00001749,0.04956581,0.00035290
2,60,0.00004770,0.01547851,0.00308169
2,120,0.00012132,0.00422273,0.02873070
2,250,0.00037140,0.00357578,0.10386651
2,510,0.00057462,0.00593709,0.09678395
2,1020,0.00121242,0.01050767,0.11538460
2,2040,0.00238759,0.01885794,0.12660954
2,4090,0.00548662,0.03587838,0.15292272
2,8190,0.00873103,0.06997070,0.12478124
2,16380,0.01583462,0.13338933,0.11870976
2,32760,0.03424420,0.26599649,0.12873927
2,131070,0.16728122,1.01479944,0.16484166
4,30,0.00007298,0.01723513,0.00423443
4,60,0.00025244,0.00757157,0.03334025
4,120,0.00079065,0.00860678,0.09186370
4,250,0.00247697,0.00761924,0.32509442
4,510,0.00193684,0.01113677,0.17391389
4,1020,0.00381704,0.01851071,0.20620721
4,2040,0.00786235,0.03548588,0.22156279
4,4090,0.01176621,0.06699513,0.17562784
4,8190,0.02501192,0.13211564,0.18931840
4,16380,0.05420296,0.24789392,0.21865387
4,32760,0.11475271,0.48685355,0.23570273
4,131070,0.57863406,2.49010302,0.23237354
8,30,0.00043559,0.00825344,0.05277667
8,60,0.00178983,0.00977546,0.18309446
8,120,0.00500548,0.01154785,0.43345542
8,250,0.00282542,0.01451045,0.19471662
8,510,0.00567987,0.02747068,0.20676100
8,1020,0.01062438,0.05275781,0.20138029
8,2040,0.02271638,0.09257602,0.24538082
8,4090,0.05055895,0.16964970,0.29801966
8,8190,0.11498824,0.32710342,0.35153483
8,16380,0.24812915,0.77728825,0.31922411
8,32760,0.51548675,1.56014806,0.33040887
8,131070,2.43310976,6.94135185,0.35052391
16,30,0.00175018,0.01274881,0.13728153
16,60,0.00286762,0.01750751,0.16379380
16,120,0.00575327,0.03082200,0.18666125
16,250,0.01080593,0.05146784,0.20995490
16,510,0.02200985,0.08968217,0.24542054
16,1020,0.04746462,0.15594994,0.30435808
16,2040,0.10464905,0.32538575,0.32161536
16,4090,0.22365237,0.65598349,0.34094208
16,8190,0.48324504,1.32536597,0.36461253
16,16380,1.01161735,2.94211041,0.34384072
16,32760,2.18614044,6.05986615,0.36075722
16,131070,9.97078766,28.02652292,0.35576256
32,30,0.00554432,0.04893485,0.11330012
32,60,0.01069105,0.08501742,0.12575128
32,120,0.02141181,0.11754875,0.18215262
32,250,0.04581125,0.18777197,0.24397277
32,510,0.10116904,0.31264128,0.32359463
32,1020,0.20908348,0.62237066,0.33594689
32,2040,0.42722045,1.24752245,0.34245512
32,4090,0.87632734,2.75517459,0.31806599
32,8190,1.94539149,5.70459051,0.34102211
32,16380,4.24103707,11.61503161,0.36513349
32,32760,9.07374130,23.74113497,0.38219492
64,30,0.05543496,0.23942711,0.23153167
64,60,0.05167131,0.14439042,0.35785829
64,120,0.10035453,0.29164524,0.34409797
64,250,0.21128492,0.61429212,0.34394860
64,510,0.46813082,1.25037028,0.37439375
64,1020,1.01964339,2.79072057,0.36536922
64,2040,2.18042632,5.58622631,0.39032187
64,4090,4.55117429,11.47154999,0.39673578
64,8190,9.66135869,23.38408298,0.41315961
128,30,0.23198355,0.31137506,0.74502932
128,60,0.37320181,0.62320693,0.59884092
128,120,0.80302540,1.30039600,0.61752374
128,250,1.30713252,2.99926062,0.43581825
128,510,2.70120138,6.14225231,0.43977376
128,1020,5.76748783,12.46875632,0.46255518
128,2040,11.98089455,25.63260052,0.46740847
256,30,1.08432275,1.31983882,0.82155695
256,60,1.91959902,2.92729179,0.65575937
256,120,3.89370666,5.96307839,0.65296922
256,250,8.15338664,12.79512208,0.63722617
256,510,15.67419735,26.06244349,0.60140936
512,30,5.50749274,6.53159012,0.84320857
512,60,9.47554814,12.76432483,0.74234621
512,120,19.02574471,27.10504367,0.70192636
1024,30,27.33377135,31.20866450,0.87583919


Bench polynomial matrix multiplication (normal prime)
p = 812232157937  (normal prime, bit length = 40)
size,degree,ntlx,linbox,ratio(ntlx/linbox)
2,30,0.00001642,0.03998998,0.00041058
2,60,0.00004670,0.02304703,0.00202633
2,120,0.00012627,0.00733006,0.01722674
2,250,0.00038258,0.00573417,0.06671894
2,510,0.00057515,0.00774051,0.07430418
2,1020,0.00122142,0.01356383,0.09004996
2,2040,0.00260284,0.02353199,0.11060875
2,4090,0.00548466,0.04470117,0.12269608
2,8190,0.00883013,0.08696229,0.10153978
2,16380,0.01591203,0.16875157,0.09429263
2,32760,0.03461112,0.33399392,0.10362800
2,131070,0.16416021,1.34035252,0.12247540
4,30,0.00007710,0.02655336,0.00290363
4,60,0.00028025,0.00794712,0.03526470
4,120,0.00080679,0.00920772,0.08762120
4,250,0.00256655,0.00820913,0.31264543
4,510,0.00201848,0.01565980,0.12889590
4,1020,0.00398155,0.02208279,0.18030086
4,2040,0.00764051,0.04148040,0.18419559
4,4090,0.01229340,0.08167165,0.15052217
4,8190,0.02534060,0.16064954,0.15773837
4,16380,0.05401161,0.31529620,0.17130435
4,32760,0.11676017,0.62195417,0.18773115
4,131070,0.58678249,2.56783522,0.22851252
8,30,0.00043779,0.01172068,0.03735227
8,60,0.00178112,0.01337094,0.13320806
8,120,0.00529181,0.01452558,0.36430967
8,250,0.00285719,0.01731651,0.16499770
8,510,0.00572682,0.02816153,0.20335619
8,1020,0.01151388,0.05352620,0.21510739
8,2040,0.02317365,0.10282081,0.22537897
8,4090,0.05060668,0.19833604,0.25515623
8,8190,0.11740195,0.38604790,0.30411240
8,16380,0.24574541,0.78584034,0.31271671
8,32760,0.53074453,1.66723922,0.31833736
8,131070,2.46083839,6.80969616,0.36137272
16,30,0.00158965,0.01543232,0.10300788
16,60,0.00287086,0.01511837,0.18989243
16,120,0.00568019,0.02514379,0.22590838
16,250,0.01082254,0.04919363,0.21999877
16,510,0.02195468,0.08559958,0.25648115
16,1020,0.04725255,0.17050165,0.27713837
16,2040,0.10371825,0.32848023,0.31575188
16,4090,0.22184798,0.66404794,0.33408429
16,8190,0.47642193,1.41844824,0.33587544
16,16380,1.00820381,2.81676349,0.35792988
16,32760,2.16310338,7.06382004,0.30622289
16,131070,9.90427774,32.62750339,0.30355610
32,30,0.00573408,0.02725038,0.21042205
32,60,0.01101141,0.04376708,0.25159107
32,120,0.02172487,0.07962476,0.27284061
32,250,0.04493461,0.15991380,0.28099267
32,510,0.10013332,0.31732476,0.31555472
32,1020,0.21035222,0.63502410,0.33125076
32,2040,0.43446872,1.28523307,0.33804664
32,4090,0.88359066,3.09860931,0.28515717
32,8190,1.88671485,6.63992985,0.28414680
32,16380,4.27846846,13.37800023,0.31981375
32,32760,9.02024869,27.74649322,0.32509509
64,30,0.05661401,0.08422224,0.67219790
64,60,0.05131124,0.16888679,0.30382031
64,120,0.10816192,0.32233050,0.33556217
64,250,0.21043127,0.64495036,0.32627514
64,510,0.46345556,1.43588130,0.32276732
64,1020,1.01540916,3.07213864,0.33052192
64,2040,2.17078669,6.45504821,0.33629287
64,4090,4.59272021,13.13517949,0.34965036
64,8190,9.65158414,26.16681518,0.36884826
128,30,0.24042587,0.43518635,0.55246648
128,60,0.39654139,0.73375066,0.54043071
128,120,0.85993969,1.53977231,0.55848497
128,250,1.27424714,3.29126276,0.38716056
128,510,2.70344362,7.02240509,0.38497403
128,1020,5.69502439,14.16607568,0.40201849
128,2040,11.84948081,29.49292405,0.40177369
256,30,1.08298179,1.53925311,0.70357616
256,60,1.97031655,3.28842085,0.59916800
256,120,4.16286279,6.83718766,0.60885601
256,250,8.71849124,14.47090308,0.60248425
256,510,15.66372993,30.21571398,0.51839682
512,30,5.89859709,7.53560901,0.78276316
512,60,10.40232652,15.18932906,0.68484437
512,120,20.88239295,31.82543433,0.65615422
1024,30,30.67207317,37.29436711,0.82243179


Bench polynomial matrix multiplication (normal prime)
p = 797483724870149  (normal prime, bit length = 50)
size,degree,ntlx,linbox,ratio(ntlx/linbox)
2,30,0.00001810,0.03077828,0.00058824
2,60,0.00004940,0.02500117,0.00197571
2,120,0.00013128,0.02422060,0.00542039
2,250,0.00039742,0.01162024,0.03420051
2,510,0.00084488,0.01227762,0.06881456
2,1020,0.00179267,0.01749517,0.10246661
2,2040,0.00366311,0.02939277,0.12462621
2,4090,0.00798143,0.06146956,0.12984365
2,8190,0.01297150,0.10603160,0.12233619
2,16380,0.02390023,0.20449543,0.11687414
2,32760,0.05187825,0.40371737,0.12850139
2,131070,0.24018638,1.60845218,0.14932765
4,30,0.00007427,0.02174927,0.00341464
4,60,0.00025405,0.01386807,0.01831869
4,120,0.00076651,0.01523355,0.05031737
4,250,0.00236518,0.01056445,0.22388069
4,510,0.00445250,0.01779484,0.25021296
4,1020,0.00503303,0.02439295,0.20633144
4,2040,0.00777146,0.04586183,0.16945381
4,4090,0.01193906,0.09044850,0.13199846
4,8190,0.02418413,0.18331847,0.13192412
4,16380,0.05211035,0.36550677,0.14257014
4,32760,0.11499630,0.73833931,0.15574993
4,131070,0.58850365,3.05064043,0.19291151
8,30,0.00043808,0.01970186,0.02223561
8,60,0.00176056,0.02136589,0.08240038
8,120,0.00527362,0.01674372,0.31496119
8,250,0.00278225,0.02068146,0.13452853
8,510,0.00574669,0.03110002,0.18478096
8,1020,0.01078881,0.05771291,0.18693927
8,2040,0.02219740,0.11134310,0.19936036
8,4090,0.04915671,0.22875522,0.21488782
8,8190,0.11541364,0.44909546,0.25699133
8,16380,0.24274423,0.90562623,0.26804020
8,32760,0.52686328,1.90097262,0.27715459
8,131070,3.51821909,8.14300707,0.43205404
16,30,0.00172981,0.03891703,0.04444858
16,60,0.00291223,0.01962757,0.14837454
16,120,0.00574555,0.02810166,0.20445586
16,250,0.01075544,0.04975234,0.21617964
16,510,0.02187653,0.09479788,0.23077023
16,1020,0.04711963,0.18796957,0.25067692
16,2040,0.10324288,0.36914046,0.27968454
16,4090,0.22807386,0.75028170,0.30398430
16,8190,0.47940480,1.61964707,0.29599337
16,16380,1.01356571,3.35360581,0.30223162
16,32760,2.14563765,7.06056253,0.30389047
16,131070,14.53171415,33.23520598,0.43723858
32,30,0.00611290,0.04015572,0.15222982
32,60,0.01091950,0.05051783,0.21615140
32,120,0.02108740,0.09073001,0.23241922
32,250,0.04527215,0.17376002,0.26054409
32,510,0.10069657,0.35249777,0.28566584
32,1020,0.20749940,0.70511245,0.29427845
32,2040,0.42657652,1.49909285,0.28455644
32,4090,0.89186012,3.21947375,0.27702047
32,8190,1.90100359,6.66791990,0.28509694
32,16380,4.33914689,13.72394667,0.31617340
32,32760,13.30965768,26.91085998,0.49458314
64,30,0.05966610,0.10315236,0.57842693
64,60,0.05215212,0.16626533,0.31366801
64,120,0.10647758,0.33957391,0.31356232
64,250,0.20751168,0.69692752,0.29775218
64,510,0.46422060,1.48864439,0.31184116
64,1020,1.02186917,3.13577721,0.32587429
64,2040,2.22704675,6.53732886,0.34066617
64,4090,4.57273080,13.19897879,0.34644580
64,8190,9.66066797,33.16323848,0.29130653
128,30,0.23990077,0.37172174,0.64537730
128,60,0.50815913,0.73857501,0.68802643
128,120,1.16178694,1.60798071,0.72251299
128,250,1.30391990,3.41895978,0.38137913
128,510,2.74714652,8.61643891,0.31882621
128,1020,5.67650162,17.70146724,0.32067972
128,2040,11.80224828,36.87491834,0.32006168
256,30,1.08555959,1.67867454,0.64667662
256,60,2.57660945,3.86838616,0.66606831
256,120,5.34445091,8.10005662,0.65980414
256,250,11.19349230,16.57784559,0.67520790
256,510,15.66999076,34.45125808,0.45484524
512,30,5.92250084,8.68024595,0.68229643
512,60,12.68273971,17.43470613,0.72744213
512,120,25.58035701,37.02448759,0.69090374
1024,30,30.73461362,43.31543545,0.70955338


Bench polynomial matrix multiplication (normal prime)
p = 953410053223771211  (normal prime, bit length = 60)
size,degree,ntlx,linbox,ratio(ntlx/linbox)
2,30,0.00001827,0.11136678,0.00016409
2,60,0.00004760,0.10124056,0.00047015
2,120,0.00013026,0.10042288,0.00129712
2,250,0.00038823,0.10986261,0.00353380
2,510,0.00084045,0.12058193,0.00696996
2,1020,0.00163937,0.01874265,0.08746734
2,2040,0.00384293,0.03276611,0.11728382
2,4090,0.00757520,0.06375929,0.11880943
2,8190,0.01181496,0.12931040,0.09136897
2,16380,0.02393971,0.24592326,0.09734627
2,32760,0.05227735,0.48909392,0.10688612
2,131070,0.25182040,1.93729616,0.12998550
4,30,0.00007896,0.65122437,0.00012125
4,60,0.00027223,0.70324921,0.00038711
4,120,0.00079260,0.02032513,0.03899601
4,250,0.00245557,0.01779191,0.13801639
4,510,0.00227769,0.01955134,0.11649767
4,1020,0.00451898,0.02900536,0.15579795
4,2040,0.00908830,0.05783549,0.15714062
4,4090,0.01784394,0.10852793,0.16441797
4,8190,0.03698523,0.21966037,0.16837461
4,16380,0.07942880,0.43977687,0.18061160
4,32760,0.17073252,0.88551807,0.19280523
4,131070,0.86614164,3.68012691,0.23535646
8,30,0.00044008,0.02628484,0.01674258
8,60,0.00177046,0.01911652,0.09261398
8,120,0.00529658,0.01688088,0.31376198
8,250,0.00420264,0.02084504,0.20161326
8,510,0.00836468,0.03967972,0.21080499
8,1020,0.01723524,0.07096789,0.24285972
8,2040,0.03453411,0.14030979,0.24612757
8,4090,0.07709339,0.28024729,0.27509057
8,8190,0.17637011,0.55330222,0.31875908
8,16380,0.37126630,1.09911020,0.33778806
8,32760,0.78785134,2.31928661,0.33969555
8,131070,3.70559853,9.93500332,0.37298413
16,30,0.00249848,0.02349246,0.10635258
16,60,0.00440191,0.02724539,0.16156515
16,120,0.00828751,0.03804465,0.21783652
16,250,0.01675518,0.06544724,0.25601050
16,510,0.03385847,0.11646218,0.29072505
16,1020,0.07238783,0.23094431,0.31344279
16,2040,0.15923775,0.46279499,0.34407838
16,4090,0.34512329,0.92969665,0.37122140
16,8190,0.72944850,1.97375696,0.36957362
16,16380,1.52132433,4.17502258,0.36438709
16,32760,3.23327592,8.64154294,0.37415493
16,131070,14.95089834,39.91466789,0.37457153
32,30,0.00866461,0.03951562,0.21927046
32,60,0.01657045,0.05982749,0.27697047
32,120,0.03291418,0.10979185,0.29978714
32,250,0.07165274,0.21727651,0.32977674
32,510,0.15618032,0.43929176,0.35552755
32,1020,0.31860905,0.87910973,0.36242239
32,2040,0.64200140,1.85588920,0.34592658
32,4090,1.34237958,3.96133840,0.33887021
32,8190,3.00441474,8.19301218,0.36670454
32,16380,6.57889480,16.65530835,0.39500288
32,32760,13.66357922,33.82117177,0.40399485
64,30,0.05675274,0.12491783,0.45432054
64,60,0.07961098,0.21224698,0.37508653
64,120,0.15841821,0.42343058,0.37413030
64,250,0.32826953,0.87486930,0.37522123
64,510,0.74850457,1.87536413,0.39912493
64,1020,1.56914422,3.95309982,0.39694020
64,2040,3.30560368,8.06524332,0.40985790
64,4090,6.98821395,16.46515163,0.42442451
64,8190,14.54759567,32.98399894,0.44105009
128,30,0.24251026,0.46999069,0.51598950
128,60,0.56736292,0.96143973,0.59011803
128,120,1.17329133,1.99647865,0.58768038
128,250,1.90108718,4.31423443,0.44065458
128,510,4.15475911,8.84179685,0.46989986
128,1020,8.60393279,17.78613798,0.48374373
128,2040,17.72653097,37.00430840,0.47903965
256,30,1.08623102,1.98986575,0.54588156
256,60,2.53538043,4.32684771,0.58596480
256,120,5.29439971,8.96743870,0.59040267
256,250,11.24021755,20.21593191,0.55600789
256,510,23.50847287,41.95327132,0.56034898
512,30,5.98088372,10.60726471,0.56384788
512,60,12.65674357,21.27091844,0.59502572
512,120,25.64508312,44.96559033,0.57032684
1024,30,30.70522114,52.73272431,0.58228020


