****************
*  2024-10-28  *
****************

depth   sd_fft  dft     idft    dft_t   idft_t
3       1.4e-08 7.9e-09 1.5e-08 7.9e-09 1.3e-08
4       1.9e-08 1.8e-08 3.8e-08 2.8e-08 3.6e-08
5       2.6e-08 4.8e-08 9.5e-08 6.4e-08 9.1e-08
6       7.0e-08 1.4e-07 2.0e-07 1.7e-07 2.3e-07
7       1.3e-07 3.2e-07 4.9e-07 3.6e-07 5.0e-07
8       3.5e-07 8.1e-07 9.9e-07 8.8e-07 1.2e-06
9       6.4e-07 1.7e-06 2.3e-06 1.8e-06 2.5e-06
10      1.6e-06 4.0e-06 4.6e-06 4.2e-06 5.7e-06
11      3.7e-06 8.7e-06 1.1e-05 8.7e-06 1.2e-05
12      7.7e-06 1.9e-05 2.1e-05 2.0e-05 2.7e-05
13      1.7e-05 4.1e-05 4.8e-05 4.0e-05 5.6e-05
14      3.5e-05 9.1e-05 9.6e-05 9.3e-05 1.2e-04
15      7.4e-05 1.9e-04 2.1e-04 1.9e-04 2.5e-04
16      1.6e-04 4.4e-04 4.3e-04 4.1e-04 5.4e-04
17      3.4e-04 8.7e-04 9.5e-04 8.2e-04 1.1e-03
18      7.2e-04 1.9e-03 1.9e-03 1.8e-03 2.4e-03
19      1.5e-03 4.1e-03 4.3e-03 3.7e-03 4.9e-03
20      3.2e-03 8.8e-03 8.5e-03 7.7e-03 1.0e-02
21      6.9e-03 1.9e-02 1.9e-02 1.7e-02 2.2e-02
22      1.5e-02 3.9e-02 3.8e-02 3.5e-02 4.6e-02
23      3.2e-02 8.3e-02 8.2e-02 7.6e-02 9.8e-02
24      7.0e-02 1.9e-01 1.7e-01 1.6e-01 2.0e-01
25      1.4e-01 3.9e-01 3.7e-01 3.3e-01 4.3e-01
