****************
*  2024-10-28  *
****************

depth   sd_fft  dft     idft    dft_t   idft_t
3       2.7e-08 1.1e-08 2.3e-08 1.2e-08 1.9e-08
4       3.3e-08 2.7e-08 5.2e-08 4.1e-08 5.6e-08
5       4.3e-08 6.8e-08 1.3e-07 8.9e-08 1.3e-07
6       9.8e-08 2.0e-07 2.7e-07 2.5e-07 3.4e-07
7       2.2e-07 5.2e-07 6.9e-07 5.1e-07 8.0e-07
8       5.2e-07 1.1e-06 1.4e-06 1.3e-06 1.7e-06
9       1.1e-06 2.7e-06 3.3e-06 2.6e-06 3.9e-06
10      2.5e-06 5.9e-06 6.5e-06 6.2e-06 8.2e-06
11      5.5e-06 1.4e-05 1.5e-05 1.2e-05 1.9e-05
12      1.2e-05 2.9e-05 3.0e-05 2.9e-05 4.0e-05
13      2.5e-05 6.4e-05 6.9e-05 5.8e-05 8.7e-05
14      5.5e-05 1.3e-04 1.4e-04 1.3e-04 1.8e-04
15      1.1e-04 2.9e-04 3.1e-04 2.7e-04 3.9e-04
16      2.4e-04 6.1e-04 6.1e-04 6.0e-04 7.9e-04
17      5.1e-04 1.3e-03 1.4e-03 1.2e-03 1.7e-03
18      1.1e-03 2.8e-03 2.7e-03 2.6e-03 3.5e-03
19      2.4e-03 6.3e-03 6.0e-03 5.3e-03 7.4e-03
20      5.1e-03 1.3e-02 1.2e-02 1.1e-02 1.5e-02
21      1.1e-02 2.8e-02 2.6e-02 2.3e-02 3.3e-02
22      2.3e-02 5.9e-02 5.3e-02 4.9e-02 6.9e-02
23      4.7e-02 1.3e-01 1.2e-01 1.0e-01 1.5e-01
24      9.9e-02 2.6e-01 2.3e-01 2.1e-01 3.0e-01
25      2.1e-01 5.6e-01 5.0e-01 4.4e-01 6.3e-01


