****************
*  2024-10-28  *
****************

50 bits (to allow flint's sd_fft),
but running non-AVX fft for NTL

depth   sd_fft  dft     idft    dft_t   idft_t  ntlfft  ntlifft
3       2.7e-08 1.3e-08 2.4e-08 1.4e-08 2.0e-08 9.3e-08 6.4e-08
4       3.8e-08 3.0e-08 6.2e-08 4.9e-08 5.7e-08 1.3e-07 1.0e-07
5       4.9e-08 8.1e-08 1.5e-07 1.1e-07 1.5e-07 2.0e-07 1.9e-07
6       1.4e-07 2.4e-07 3.3e-07 3.0e-07 3.8e-07 3.6e-07 3.7e-07
7       2.5e-07 5.6e-07 7.9e-07 6.1e-07 8.5e-07 7.3e-07 7.9e-07
8       7.0e-07 1.4e-06 1.6e-06 1.5e-06 1.9e-06 1.6e-06 1.7e-06
9       1.3e-06 3.0e-06 3.8e-06 3.1e-06 4.1e-06 3.3e-06 3.7e-06
10      3.3e-06 6.8e-06 7.7e-06 7.3e-06 9.2e-06 7.2e-06 8.0e-06
11      7.3e-06 1.5e-05 1.8e-05 1.5e-05 2.1e-05 1.6e-05 1.7e-05
12      1.6e-05 3.3e-05 3.6e-05 3.5e-05 4.4e-05 3.4e-05 3.8e-05
13      3.4e-05 7.1e-05 8.0e-05 7.0e-05 9.4e-05 7.3e-05 8.1e-05
14      7.3e-05 1.5e-04 1.6e-04 1.6e-04 2.0e-04 1.6e-04 1.7e-04
15      1.5e-04 3.3e-04 3.6e-04 3.2e-04 4.2e-04 3.3e-04 3.7e-04
16      3.2e-04 7.1e-04 7.3e-04 7.1e-04 9.0e-04 7.1e-04 7.8e-04
17      6.9e-04 1.5e-03 1.6e-03 1.4e-03 1.9e-03 1.5e-03 1.7e-03
18      1.5e-03 3.2e-03 3.2e-03 3.1e-03 3.9e-03 3.5e-03 3.7e-03
19      3.1e-03 7.0e-03 7.1e-03 6.3e-03 8.2e-03 7.5e-03 7.8e-03
20      6.7e-03 1.5e-02 1.4e-02 1.3e-02 1.7e-02 1.7e-02 1.8e-02
21      1.4e-02 3.2e-02 3.2e-02 2.8e-02 3.8e-02 4.1e-02 4.1e-02
22      3.2e-02 6.9e-02 6.6e-02 6.0e-02 8.0e-02 9.9e-02 9.0e-02
23      7.0e-02 1.5e-01 1.4e-01 1.3e-01 1.7e-01 2.2e-01 1.9e-01
24      1.5e-01 3.1e-01 2.9e-01 2.6e-01 3.5e-01 4.6e-01 4.1e-01
25      3.2e-01 6.4e-01 6.2e-01 5.5e-01 7.2e-01 9.9e-01 8.8e-01
