Bench mbasis
nbits=20, prime=1018931
n	rdim	cdim	order	deg	time
~~~~WARMUP~~~~
I	4	2	128	128	0.003914
II	4	2	128	128	0.004334
III	4	2	128	128	0.003860
IV	4	2	128	128	0.006834
V	4	2	128	128	0.006059
NEW	4	2	128	128	0.002571

~~~~WARMUP DONE~~~~
I	2	1	4	4	0.000010
II	2	1	4	4	0.000010
III	2	1	4	4	0.000011
IV	2	1	4	4	0.000013
V	2	1	4	4	0.000011
NEW	2	1	4	4	0.000006

I	1	2	4	4	0.000008
II	1	2	4	4	0.000010
III	1	2	4	4	0.000011
IV	1	2	4	4	0.000012
V	1	2	4	4	0.000010
NEW	1	2	4	4	0.000003

I	2	1	4	4	0.000011
II	2	1	4	4	0.000011
III	2	1	4	4	0.000013
IV	2	1	4	4	0.000015
V	2	1	4	4	0.000013
NEW	2	1	4	4	0.000007

I	1	2	4	4	0.000009
II	1	2	4	4	0.000009
III	1	2	4	4	0.000009
IV	1	2	4	4	0.000012
V	1	2	4	4	0.000011
NEW	1	2	4	4	0.000003

I	2	1	4	4	0.000011
II	2	1	4	4	0.000011
III	2	1	4	4	0.000013
IV	2	1	4	4	0.000015
V	2	1	4	4	0.000013
NEW	2	1	4	4	0.000007

I	1	2	4	4	0.000009
II	1	2	4	4	0.000009
III	1	2	4	4	0.000009
IV	1	2	4	4	0.000011
V	1	2	4	4	0.000010
NEW	1	2	4	4	0.000003

I	2	1	8	8	0.000025
II	2	1	8	8	0.000033
III	2	1	8	8	0.000034
IV	2	1	8	8	0.000045
V	2	1	8	8	0.000033
NEW	2	1	8	8	0.000018

I	1	2	8	8	0.000017
II	1	2	8	8	0.000022
III	1	2	8	8	0.000022
IV	1	2	8	8	0.000030
V	1	2	8	8	0.000025
NEW	1	2	8	8	0.000003

I	2	1	8	8	0.000024
II	2	1	8	8	0.000028
III	2	1	8	8	0.000032
IV	2	1	8	8	0.000038
V	2	1	8	8	0.000031
NEW	2	1	8	8	0.000017

I	1	2	8	8	0.000019
II	1	2	8	8	0.000023
III	1	2	8	8	0.000025
IV	1	2	8	8	0.000029
V	1	2	8	8	0.000027
NEW	1	2	8	8	0.000004

I	2	1	8	8	0.000026
II	2	1	8	8	0.000028
III	2	1	8	8	0.000030
IV	2	1	8	8	0.000038
V	2	1	8	8	0.000033
NEW	2	1	8	8	0.000018

I	1	2	8	8	0.000017
II	1	2	8	8	0.000021
III	1	2	8	8	0.000021
IV	1	2	8	8	0.000028
V	1	2	8	8	0.000028
NEW	1	2	8	8	0.000004

I	2	1	16	16	0.000054
II	2	1	16	16	0.000067
III	2	1	16	16	0.000070
IV	2	1	16	16	0.000098
V	2	1	16	16	0.000085
NEW	2	1	16	16	0.000044

I	1	2	16	16	0.000033
II	1	2	16	16	0.000051
III	1	2	16	16	0.000052
IV	1	2	16	16	0.000073
V	1	2	16	16	0.000061
NEW	1	2	16	16	0.000004

I	2	1	16	16	0.000050
II	2	1	16	16	0.000068
III	2	1	16	16	0.000070
IV	2	1	16	16	0.000099
V	2	1	16	16	0.000079
NEW	2	1	16	16	0.000042

I	1	2	16	16	0.000044
II	1	2	16	16	0.000054
III	1	2	16	16	0.000051
IV	1	2	16	16	0.000073
V	1	2	16	16	0.000061
NEW	1	2	16	16	0.000004

I	2	1	16	16	0.000050
II	2	1	16	16	0.000075
III	2	1	16	16	0.000074
IV	2	1	16	16	0.000096
V	2	1	16	16	0.000076
NEW	2	1	16	16	0.000038

I	1	2	16	16	0.000035
II	1	2	16	16	0.000053
III	1	2	16	16	0.000051
IV	1	2	16	16	0.000074
V	1	2	16	16	0.000065
NEW	1	2	16	16	0.000005

I	2	1	32	32	0.000125
II	2	1	32	32	0.000211
III	2	1	32	32	0.000201
IV	2	1	32	32	0.000311
V	2	1	32	32	0.000244
NEW	2	1	32	32	0.000108

I	1	2	32	32	0.000078
II	1	2	32	32	0.000166
III	1	2	32	32	0.000144
IV	1	2	32	32	0.000221
V	1	2	32	32	0.000181
NEW	1	2	32	32	0.000009

I	2	1	32	32	0.000117
II	2	1	32	32	0.000201
III	2	1	32	32	0.000202
IV	2	1	32	32	0.000309
V	2	1	32	32	0.000238
NEW	2	1	32	32	0.000107

I	1	2	32	32	0.000074
II	1	2	32	32	0.000169
III	1	2	32	32	0.000146
IV	1	2	32	32	0.000228
V	1	2	32	32	0.000182
NEW	1	2	32	32	0.000009

I	2	1	32	32	0.000113
II	2	1	32	32	0.000203
III	2	1	32	32	0.000202
IV	2	1	32	32	0.000311
V	2	1	32	32	0.000241
NEW	2	1	32	32	0.000107

I	1	2	32	32	0.000074
II	1	2	32	32	0.000171
III	1	2	32	32	0.000151
IV	1	2	32	32	0.000228
V	1	2	32	32	0.000185
NEW	1	2	32	32	0.000010

I	2	1	64	64	0.000295
II	2	1	64	64	0.000665
III	2	1	64	64	0.000640
IV	2	1	64	64	0.001095
V	2	1	64	64	0.000824
NEW	2	1	64	64	0.000346

I	1	2	64	64	0.000178
II	1	2	64	64	0.000563
III	1	2	64	64	0.000454
IV	1	2	64	64	0.000756
V	1	2	64	64	0.000592
NEW	1	2	64	64	0.000017

I	2	1	64	64	0.000293
II	2	1	64	64	0.000659
III	2	1	64	64	0.000638
IV	2	1	64	64	0.001087
V	2	1	64	64	0.000815
NEW	2	1	64	64	0.000344

I	1	2	64	64	0.000177
II	1	2	64	64	0.000581
III	1	2	64	64	0.000442
IV	1	2	64	64	0.000743
V	1	2	64	64	0.000591
NEW	1	2	64	64	0.000017

I	2	1	64	64	0.000292
II	2	1	64	64	0.000654
III	2	1	64	64	0.000636
IV	2	1	64	64	0.001083
V	2	1	64	64	0.000819
NEW	2	1	64	64	0.000342

I	1	2	64	64	0.000176
II	1	2	64	64	0.000560
III	1	2	64	64	0.000447
IV	1	2	64	64	0.000747
V	1	2	64	64	0.000597
NEW	1	2	64	64	0.000017

I	4	1	4	4	0.000019
II	4	1	4	4	0.000019
III	4	1	4	4	0.000019
IV	4	1	4	4	0.000022
V	4	1	4	4	0.000021
NEW	4	1	4	4	0.000009

I	1	4	4	4	0.000009
II	1	4	4	4	0.000009
III	1	4	4	4	0.000009
IV	1	4	4	4	0.000013
V	1	4	4	4	0.000011
NEW	1	4	4	4	0.000002

I	4	2	4	4	0.000029
II	4	2	4	4	0.000026
III	4	2	4	4	0.000025
IV	4	2	4	4	0.000026
V	4	2	4	4	0.000025
NEW	4	2	4	4	0.000014

I	2	4	4	4	0.000014
II	2	4	4	4	0.000014
III	2	4	4	4	0.000013
IV	2	4	4	4	0.000015
V	2	4	4	4	0.000015
NEW	2	4	4	4	0.000003

I	4	3	4	4	0.000031
II	4	3	4	4	0.000027
III	4	3	4	4	0.000025
IV	4	3	4	4	0.000027
V	4	3	4	4	0.000027
NEW	4	3	4	4	0.000017

I	3	4	4	4	0.000019
II	3	4	4	4	0.000018
III	3	4	4	4	0.000016
IV	3	4	4	4	0.000019
V	3	4	4	4	0.000020
NEW	3	4	4	4	0.000004

I	4	1	8	8	0.000043
II	4	1	8	8	0.000047
III	4	1	8	8	0.000044
IV	4	1	8	8	0.000056
V	4	1	8	8	0.000050
NEW	4	1	8	8	0.000021

I	1	4	8	8	0.000020
II	1	4	8	8	0.000024
III	1	4	8	8	0.000021
IV	1	4	8	8	0.000029
V	1	4	8	8	0.000027
NEW	1	4	8	8	0.000003

I	4	2	8	8	0.000067
II	4	2	8	8	0.000060
III	4	2	8	8	0.000058
IV	4	2	8	8	0.000063
V	4	2	8	8	0.000058
NEW	4	2	8	8	0.000033

I	2	4	8	8	0.000028
II	2	4	8	8	0.000031
III	2	4	8	8	0.000028
IV	2	4	8	8	0.000038
V	2	4	8	8	0.000036
NEW	2	4	8	8	0.000004

I	4	3	8	8	0.000076
II	4	3	8	8	0.000064
III	4	3	8	8	0.000059
IV	4	3	8	8	0.000066
V	4	3	8	8	0.000064
NEW	4	3	8	8	0.000042

I	3	4	8	8	0.000040
II	3	4	8	8	0.000044
III	3	4	8	8	0.000037
IV	3	4	8	8	0.000045
V	3	4	8	8	0.000048
NEW	3	4	8	8	0.000005

I	4	1	16	16	0.000098
II	4	1	16	16	0.000117
III	4	1	16	16	0.000113
IV	4	1	16	16	0.000164
V	4	1	16	16	0.000140
NEW	4	1	16	16	0.000050

I	1	4	16	16	0.000040
II	1	4	16	16	0.000057
III	1	4	16	16	0.000053
IV	1	4	16	16	0.000074
V	1	4	16	16	0.000067
NEW	1	4	16	16	0.000005

I	4	2	16	16	0.000165
II	4	2	16	16	0.000153
III	4	2	16	16	0.000146
IV	4	2	16	16	0.000177
V	4	2	16	16	0.000163
NEW	4	2	16	16	0.000084

I	2	4	16	16	0.000066
II	2	4	16	16	0.000085
III	2	4	16	16	0.000072
IV	2	4	16	16	0.000098
V	2	4	16	16	0.000099
NEW	2	4	16	16	0.000006

I	4	3	16	16	0.000186
II	4	3	16	16	0.000177
III	4	3	16	16	0.000150
IV	4	3	16	16	0.000177
V	4	3	16	16	0.000179
NEW	4	3	16	16	0.000114

I	3	4	16	16	0.000095
II	3	4	16	16	0.000118
III	3	4	16	16	0.000090
IV	3	4	16	16	0.000140
V	3	4	16	16	0.000157
NEW	3	4	16	16	0.000009

I	4	1	32	32	0.000252
II	4	1	32	32	0.000352
III	4	1	32	32	0.000342
IV	4	1	32	32	0.000567
V	4	1	32	32	0.000478
NEW	4	1	32	32	0.000142

I	1	4	32	32	0.000101
II	1	4	32	32	0.000207
III	1	4	32	32	0.000163
IV	1	4	32	32	0.000247
V	1	4	32	32	0.000220
NEW	1	4	32	32	0.000010

I	4	2	32	32	0.000455
II	4	2	32	32	0.000480
III	4	2	32	32	0.000444
IV	4	2	32	32	0.000612
V	4	2	32	32	0.000554
NEW	4	2	32	32	0.000264

I	2	4	32	32	0.000168
II	2	4	32	32	0.000296
III	2	4	32	32	0.000217
IV	2	4	32	32	0.000321
V	2	4	32	32	0.000322
NEW	2	4	32	32	0.000011

I	4	3	32	32	0.000521
II	4	3	32	32	0.000542
III	4	3	32	32	0.000445
IV	4	3	32	32	0.000597
V	4	3	32	32	0.000600
NEW	4	3	32	32	0.000375

I	3	4	32	32	0.000236
II	3	4	32	32	0.000395
III	3	4	32	32	0.000265
IV	3	4	32	32	0.000385
V	3	4	32	32	0.000436
NEW	3	4	32	32	0.000013

I	4	1	64	64	0.000665
II	4	1	64	64	0.001081
III	4	1	64	64	0.001051
IV	4	1	64	64	0.002022
V	4	1	64	64	0.001842
NEW	4	1	64	64	0.000432

I	1	4	64	64	0.000256
II	1	4	64	64	0.000771
III	1	4	64	64	0.000505
IV	1	4	64	64	0.000823
V	1	4	64	64	0.000723
NEW	1	4	64	64	0.000022

I	4	2	64	64	0.001374
II	4	2	64	64	0.001705
III	4	2	64	64	0.001362
IV	4	2	64	64	0.002151
V	4	2	64	64	0.001909
NEW	4	2	64	64	0.000844

I	2	4	64	64	0.000441
II	2	4	64	64	0.000995
III	2	4	64	64	0.000666
IV	2	4	64	64	0.001078
V	2	4	64	64	0.001107
NEW	2	4	64	64	0.000021

I	4	3	64	64	0.001538
II	4	3	64	64	0.001780
III	4	3	64	64	0.001374
IV	4	3	64	64	0.002081
V	4	3	64	64	0.002109
NEW	4	3	64	64	0.001273

I	3	4	64	64	0.000635
II	3	4	64	64	0.001344
III	3	4	64	64	0.000811
IV	3	4	64	64	0.001303
V	3	4	64	64	0.001547
NEW	3	4	64	64	0.000023

I	8	1	4	4	0.000051
II	8	1	4	4	0.000048
III	8	1	4	4	0.000048
IV	8	1	4	4	0.000056
V	8	1	4	4	0.000053
NEW	8	1	4	4	0.000023

I	1	8	4	4	0.000013
II	1	8	4	4	0.000012
III	1	8	4	4	0.000011
IV	1	8	4	4	0.000013
V	1	8	4	4	0.000013
NEW	1	8	4	4	0.000003

I	8	4	4	4	0.000123
II	8	4	4	4	0.000091
III	8	4	4	4	0.000085
IV	8	4	4	4	0.000076
V	8	4	4	4	0.000078
NEW	8	4	4	4	0.000041

I	4	8	4	4	0.000042
II	4	8	4	4	0.000033
III	4	8	4	4	0.000027
IV	4	8	4	4	0.000031
V	4	8	4	4	0.000036
NEW	4	8	4	4	0.000006

I	8	7	4	4	0.000125
II	8	7	4	4	0.000089
III	8	7	4	4	0.000072
IV	8	7	4	4	0.000070
V	8	7	4	4	0.000080
NEW	8	7	4	4	0.000051

I	7	8	4	4	0.000066
II	7	8	4	4	0.000059
III	7	8	4	4	0.000044
IV	7	8	4	4	0.000052
V	7	8	4	4	0.000065
NEW	7	8	4	4	0.000009

I	8	1	8	8	0.000107
II	8	1	8	8	0.000110
III	8	1	8	8	0.000103
IV	8	1	8	8	0.000134
V	8	1	8	8	0.000128
NEW	8	1	8	8	0.000042

I	1	8	8	8	0.000026
II	1	8	8	8	0.000028
III	1	8	8	8	0.000025
IV	1	8	8	8	0.000031
V	1	8	8	8	0.000031
NEW	1	8	8	8	0.000004

I	8	4	8	8	0.000307
II	8	4	8	8	0.000214
III	8	4	8	8	0.000191
IV	8	4	8	8	0.000176
V	8	4	8	8	0.000186
NEW	8	4	8	8	0.000096

I	4	8	8	8	0.000086
II	4	8	8	8	0.000082
III	4	8	8	8	0.000059
IV	4	8	8	8	0.000068
V	4	8	8	8	0.000087
NEW	4	8	8	8	0.000007

I	8	7	8	8	0.000291
II	8	7	8	8	0.000221
III	8	7	8	8	0.000163
IV	8	7	8	8	0.000163
V	8	7	8	8	0.000205
NEW	8	7	8	8	0.000144

I	7	8	8	8	0.000151
II	7	8	8	8	0.000155
III	7	8	8	8	0.000098
IV	7	8	8	8	0.000112
V	7	8	8	8	0.000160
NEW	7	8	8	8	0.000011

I	8	1	16	16	0.000254
II	8	1	16	16	0.000291
III	8	1	16	16	0.000249
IV	8	1	16	16	0.000402
V	8	1	16	16	0.000377
NEW	8	1	16	16	0.000097

I	1	8	16	16	0.000058
II	1	8	16	16	0.000074
III	1	8	16	16	0.000061
IV	1	8	16	16	0.000084
V	1	8	16	16	0.000084
NEW	1	8	16	16	0.000005

I	8	4	16	16	0.000780
II	8	4	16	16	0.000547
III	8	4	16	16	0.000459
IV	8	4	16	16	0.000496
V	8	4	16	16	0.000544
NEW	8	4	16	16	0.000270

I	4	8	16	16	0.000201
II	4	8	16	16	0.000243
III	4	8	16	16	0.000146
IV	4	8	16	16	0.000180
V	4	8	16	16	0.000254
NEW	4	8	16	16	0.000010

I	8	7	16	16	0.000731
II	8	7	16	16	0.000608
III	8	7	16	16	0.000405
IV	8	7	16	16	0.000434
V	8	7	16	16	0.000596
NEW	8	7	16	16	0.000444

I	7	8	16	16	0.000336
II	7	8	16	16	0.000451
III	7	8	16	16	0.000237
IV	7	8	16	16	0.000292
V	7	8	16	16	0.000477
NEW	7	8	16	16	0.000015

I	8	1	32	32	0.000562
II	8	1	32	32	0.000695
III	8	1	32	32	0.000644
IV	8	1	32	32	0.001329
V	8	1	32	32	0.001246
NEW	8	1	32	32	0.000247

I	1	8	32	32	0.000142
II	1	8	32	32	0.000250
III	1	8	32	32	0.000177
IV	1	8	32	32	0.000258
V	1	8	32	32	0.000263
NEW	1	8	32	32	0.000011

I	8	4	32	32	0.002207
II	8	4	32	32	0.001550
III	8	4	32	32	0.001249
IV	8	4	32	32	0.001588
V	8	4	32	32	0.001759
NEW	8	4	32	32	0.000856

I	4	8	32	32	0.000501
II	4	8	32	32	0.000776
III	4	8	32	32	0.000400
IV	4	8	32	32	0.000538
V	4	8	32	32	0.000822
NEW	4	8	32	32	0.000015

I	8	7	32	32	0.002075
II	8	7	32	32	0.001856
III	8	7	32	32	0.001074
IV	8	7	32	32	0.001330
V	8	7	32	32	0.001974
NEW	8	7	32	32	0.001465

I	7	8	32	32	0.000855
II	7	8	32	32	0.001467
III	7	8	32	32	0.000645
IV	7	8	32	32	0.000886
V	7	8	32	32	0.001603
NEW	7	8	32	32	0.000022

I	8	1	64	64	0.001501
II	8	1	64	64	0.002068
III	8	1	64	64	0.001905
IV	8	1	64	64	0.004934
V	8	1	64	64	0.004676
NEW	8	1	64	64	0.000729

I	1	8	64	64	0.000389
II	1	8	64	64	0.000877
III	1	8	64	64	0.000554
IV	1	8	64	64	0.000885
V	1	8	64	64	0.000899
NEW	1	8	64	64	0.000020

I	8	4	64	64	0.007068
II	8	4	64	64	0.004873
III	8	4	64	64	0.003605
IV	8	4	64	64	0.005662
V	8	4	64	64	0.006333
NEW	8	4	64	64	0.002897

I	4	8	64	64	0.001394
II	4	8	64	64	0.002745
III	4	8	64	64	0.001267
IV	4	8	64	64	0.001885
V	4	8	64	64	0.002966
NEW	4	8	64	64	0.000027

I	8	7	64	64	0.006711
II	8	7	64	64	0.007139
III	8	7	64	64	0.003351
IV	8	7	64	64	0.004843
V	8	7	64	64	0.007394
NEW	8	7	64	64	0.005302

I	7	8	64	64	0.002402
II	7	8	64	64	0.005489
III	7	8	64	64	0.002015
IV	7	8	64	64	0.003121
V	7	8	64	64	0.006137
NEW	7	8	64	64	0.000039

I	16	1	4	4	0.000142
II	16	1	4	4	0.000137
III	16	1	4	4	0.000127
IV	16	1	4	4	0.000194
V	16	1	4	4	0.000180
NEW	16	1	4	4	0.000067

I	1	16	4	4	0.000018
II	1	16	4	4	0.000017
III	1	16	4	4	0.000013
IV	1	16	4	4	0.000015
V	1	16	4	4	0.000016
NEW	1	16	4	4	0.000004

I	16	8	4	4	0.000619
II	16	8	4	4	0.000389
III	16	8	4	4	0.000346
IV	16	8	4	4	0.000273
V	16	8	4	4	0.000304
NEW	16	8	4	4	0.000153

I	8	16	4	4	0.000131
II	8	16	4	4	0.000108
III	8	16	4	4	0.000068
IV	8	16	4	4	0.000077
V	8	16	4	4	0.000110
NEW	8	16	4	4	0.000015

I	16	15	4	4	0.000416
II	16	15	4	4	0.000289
III	16	15	4	4	0.000208
IV	16	15	4	4	0.000210
V	16	15	4	4	0.000280
NEW	16	15	4	4	0.000185

I	15	16	4	4	0.000260
II	15	16	4	4	0.000223
III	15	16	4	4	0.000142
IV	15	16	4	4	0.000166
V	15	16	4	4	0.000243
NEW	15	16	4	4	0.000032

I	16	1	8	8	0.000284
II	16	1	8	8	0.000298
III	16	1	8	8	0.000319
IV	16	1	8	8	0.000422
V	16	1	8	8	0.000418
NEW	16	1	8	8	0.000133

I	1	16	8	8	0.000040
II	1	16	8	8	0.000038
III	1	16	8	8	0.000030
IV	1	16	8	8	0.000037
V	1	16	8	8	0.000041
NEW	1	16	8	8	0.000005

I	16	8	8	8	0.001571
II	16	8	8	8	0.000929
III	16	8	8	8	0.000771
IV	16	8	8	8	0.000629
V	16	8	8	8	0.000755
NEW	16	8	8	8	0.000393

I	8	16	8	8	0.000276
II	8	16	8	8	0.000295
III	8	16	8	8	0.000157
IV	8	16	8	8	0.000172
V	8	16	8	8	0.000302
NEW	8	16	8	8	0.000017

I	16	15	8	8	0.001018
II	16	15	8	8	0.000792
III	16	15	8	8	0.000481
IV	16	15	8	8	0.000468
V	16	15	8	8	0.000736
NEW	16	15	8	8	0.000562

I	15	16	8	8	0.000527
II	15	16	8	8	0.000628
III	15	16	8	8	0.000303
IV	15	16	8	8	0.000342
V	15	16	8	8	0.000637
NEW	15	16	8	8	0.000035

I	16	1	16	16	0.000621
II	16	1	16	16	0.000697
III	16	1	16	16	0.000610
IV	16	1	16	16	0.001216
V	16	1	16	16	0.001222
NEW	16	1	16	16	0.000248

I	1	16	16	16	0.000092
II	1	16	16	16	0.000103
III	1	16	16	16	0.000073
IV	1	16	16	16	0.000096
V	1	16	16	16	0.000113
NEW	1	16	16	16	0.000006

I	16	8	16	16	0.004412
II	16	8	16	16	0.002428
III	16	8	16	16	0.001905
IV	16	8	16	16	0.001869
V	16	8	16	16	0.002283
NEW	16	8	16	16	0.001164

I	8	16	16	16	0.000634
II	8	16	16	16	0.000894
III	8	16	16	16	0.000369
IV	8	16	16	16	0.000435
V	8	16	16	16	0.000923
NEW	8	16	16	16	0.000022

I	16	15	16	16	0.002692
II	16	15	16	16	0.002256
III	16	15	16	16	0.001140
IV	16	15	16	16	0.001213
V	16	15	16	16	0.002244
NEW	16	15	16	16	0.001826

I	15	16	16	16	0.001240
II	15	16	16	16	0.001923
III	15	16	16	16	0.000707
IV	15	16	16	16	0.000867
V	15	16	16	16	0.002042
NEW	15	16	16	16	0.000046

I	16	1	32	32	0.001436
II	16	1	32	32	0.001769
III	16	1	32	32	0.001501
IV	16	1	32	32	0.004159
V	16	1	32	32	0.004176
NEW	16	1	32	32	0.000589

I	1	16	32	32	0.000240
II	1	16	32	32	0.000359
III	1	16	32	32	0.000207
IV	1	16	32	32	0.000290
V	1	16	32	32	0.000364
NEW	1	16	32	32	0.000011

I	16	8	32	32	0.013419
II	16	8	32	32	0.006898
III	16	8	32	32	0.004747
IV	16	8	32	32	0.005846
V	16	8	32	32	0.007654
NEW	16	8	32	32	0.003794

I	8	16	32	32	0.001663
II	8	16	32	32	0.003046
III	8	16	32	32	0.000998
IV	8	16	32	32	0.001286
V	8	16	32	32	0.003220
NEW	8	16	32	32	0.000032

I	16	15	32	32	0.008049
II	16	15	32	32	0.007284
III	16	15	32	32	0.003017
IV	16	15	32	32	0.004221
V	16	15	32	32	0.008092
NEW	16	15	32	32	0.006486

I	15	16	32	32	0.003338
II	15	16	32	32	0.006630
III	15	16	32	32	0.001929
IV	15	16	32	32	0.002672
V	15	16	32	32	0.007122
NEW	15	16	32	32	0.000069

I	16	1	64	64	0.003642
II	16	1	64	64	0.005037
III	16	1	64	64	0.004120
IV	16	1	64	64	0.015276
V	16	1	64	64	0.015467
NEW	16	1	64	64	0.001573

I	1	16	64	64	0.000671
II	1	16	64	64	0.001226
III	1	16	64	64	0.000642
IV	1	16	64	64	0.000972
V	1	16	64	64	0.001272
NEW	1	16	64	64	0.000019

I	16	8	64	64	0.045206
II	16	8	64	64	0.022750
III	16	8	64	64	0.014168
IV	16	8	64	64	0.021627
V	16	8	64	64	0.028884
NEW	16	8	64	64	0.013766

I	8	16	64	64	0.005078
II	8	16	64	64	0.011247
III	8	16	64	64	0.003114
IV	8	16	64	64	0.004292
V	8	16	64	64	0.011912
NEW	8	16	64	64	0.000053

I	16	15	64	64	0.026666
II	16	15	64	64	0.026304
III	16	15	64	64	0.008805
IV	16	15	64	64	0.012812
V	16	15	64	64	0.029192
NEW	16	15	64	64	0.023807

I	15	16	64	64	0.009787
II	15	16	64	64	0.024188
III	15	16	64	64	0.005770
IV	15	16	64	64	0.008820
V	15	16	64	64	0.026248
NEW	15	16	64	64	0.000128

I	32	1	4	4	0.000421
II	32	1	4	4	0.000445
III	32	1	4	4	0.000405
IV	32	1	4	4	0.000674
V	32	1	4	4	0.000654
NEW	32	1	4	4	0.000233

I	1	32	4	4	0.000031
II	1	32	4	4	0.000020
III	1	32	4	4	0.000016
IV	1	32	4	4	0.000018
V	1	32	4	4	0.000022
NEW	1	32	4	4	0.000004

I	32	16	4	4	0.001947
II	32	16	4	4	0.001405
III	32	16	4	4	0.001215
IV	32	16	4	4	0.000994
V	32	16	4	4	0.001158
NEW	32	16	4	4	0.000628

I	16	32	4	4	0.000467
II	16	32	4	4	0.000398
III	16	32	4	4	0.000222
IV	16	32	4	4	0.000254
V	16	32	4	4	0.000419
NEW	16	32	4	4	0.000054

I	32	31	4	4	0.001572
II	32	31	4	4	0.001270
III	32	31	4	4	0.000764
IV	32	31	4	4	0.000785
V	32	31	4	4	0.001259
NEW	32	31	4	4	0.000905

I	31	32	4	4	0.000981
II	31	32	4	4	0.001066
III	31	32	4	4	0.000535
IV	31	32	4	4	0.000640
V	31	32	4	4	0.001151
NEW	31	32	4	4	0.000128

I	32	1	8	8	0.000881
II	32	1	8	8	0.000967
III	32	1	8	8	0.000827
IV	32	1	8	8	0.001477
V	32	1	8	8	0.001514
NEW	32	1	8	8	0.000442

I	1	32	8	8	0.000069
II	1	32	8	8	0.000054
III	1	32	8	8	0.000036
IV	1	32	8	8	0.000043
V	1	32	8	8	0.000057
NEW	1	32	8	8	0.000005

I	32	16	8	8	0.004638
II	32	16	8	8	0.003549
III	32	16	8	8	0.002722
IV	32	16	8	8	0.002500
V	32	16	8	8	0.003086
NEW	32	16	8	8	0.001702

I	16	32	8	8	0.000991
II	16	32	8	8	0.001234
III	16	32	8	8	0.000493
IV	16	32	8	8	0.000537
V	16	32	8	8	0.001177
NEW	16	32	8	8	0.000058

I	32	31	8	8	0.003882
II	32	31	8	8	0.003600
III	32	31	8	8	0.001677
IV	32	31	8	8	0.001676
V	32	31	8	8	0.003502
NEW	32	31	8	8	0.002836

I	31	32	8	8	0.002105
II	31	32	8	8	0.003175
III	31	32	8	8	0.001142
IV	31	32	8	8	0.001345
V	31	32	8	8	0.003282
NEW	31	32	8	8	0.000151

I	32	1	16	16	0.001853
II	32	1	16	16	0.002171
III	32	1	16	16	0.001795
IV	32	1	16	16	0.004365
V	32	1	16	16	0.004490
NEW	32	1	16	16	0.000868

I	1	32	16	16	0.000160
II	1	32	16	16	0.000158
III	1	32	16	16	0.000093
IV	1	32	16	16	0.000116
V	1	32	16	16	0.000167
NEW	1	32	16	16	0.000007

I	32	16	16	16	0.011853
II	32	16	16	16	0.009480
III	32	16	16	16	0.006661
IV	32	16	16	16	0.007093
V	32	16	16	16	0.009564
NEW	32	16	16	16	0.005095

I	16	32	16	16	0.002326
II	16	32	16	16	0.003736
III	16	32	16	16	0.001164
IV	16	32	16	16	0.001334
V	16	32	16	16	0.003807
NEW	16	32	16	16	0.000075

I	32	31	16	16	0.010564
II	32	31	16	16	0.011201
III	32	31	16	16	0.004174
IV	32	31	16	16	0.004821
V	32	31	16	16	0.011378
NEW	32	31	16	16	0.009904

I	31	32	16	16	0.004926
II	31	32	16	16	0.010395
III	31	32	16	16	0.002672
IV	31	32	16	16	0.003339
V	31	32	16	16	0.010977
NEW	31	32	16	16	0.000230

I	32	1	32	32	0.004150
II	32	1	32	32	0.005620
III	32	1	32	32	0.004095
IV	32	1	32	32	0.014776
V	32	1	32	32	0.015395
NEW	32	1	32	32	0.001728

I	1	32	32	32	0.000408
II	1	32	32	32	0.000546
III	1	32	32	32	0.000262
IV	1	32	32	32	0.000348
V	1	32	32	32	0.000557
NEW	1	32	32	32	0.000012

I	32	16	32	32	0.032560
II	32	16	32	32	0.028681
III	32	16	32	32	0.018098
IV	32	16	32	32	0.023699
V	32	16	32	32	0.033320
NEW	32	16	32	32	0.016839

I	16	32	32	32	0.006281
II	16	32	32	32	0.013048
III	16	32	32	32	0.003193
IV	16	32	32	32	0.003862
V	16	32	32	32	0.013489
NEW	16	32	32	32	0.000109

I	32	31	32	32	0.032478
II	32	31	32	32	0.038359
III	32	31	32	32	0.010318
IV	32	31	32	32	0.012518
V	32	31	32	32	0.039653
NEW	32	31	32	32	0.035613

I	31	32	32	32	0.013725
II	31	32	32	32	0.036610
III	31	32	32	32	0.006889
IV	31	32	32	32	0.009650
V	31	32	32	32	0.038526
NEW	31	32	32	32	0.000345

I	32	1	64	64	0.009798
II	32	1	64	64	0.015872
III	32	1	64	64	0.010333
IV	32	1	64	64	0.057062
V	32	1	64	64	0.058180
NEW	32	1	64	64	0.004211

I	1	32	64	64	0.001208
II	1	32	64	64	0.001872
III	1	32	64	64	0.000788
IV	1	32	64	64	0.001080
V	1	32	64	64	0.001883
NEW	1	32	64	64	0.000020

I	32	16	64	64	0.093241
II	32	16	64	64	0.092164
III	32	16	64	64	0.052989
IV	32	16	64	64	0.084438
V	32	16	64	64	0.119428
NEW	32	16	64	64	0.058242

I	16	32	64	64	0.018381
II	16	32	64	64	0.045849
III	16	32	64	64	0.009142
IV	16	32	64	64	0.012230
V	16	32	64	64	0.048517
NEW	16	32	64	64	0.000169

I	32	31	64	64	0.100129
II	32	31	64	64	0.130982
III	32	31	64	64	0.028277
IV	32	31	64	64	0.040567
V	32	31	64	64	0.140953
NEW	32	31	64	64	0.126566

I	31	32	64	64	0.038263
II	31	32	64	64	0.127696
III	31	32	64	64	0.018854
IV	31	32	64	64	0.029605
V	31	32	64	64	0.136145
NEW	31	32	64	64	0.000571

I	64	1	4	4	0.001427
II	64	1	4	4	0.001550
III	64	1	4	4	0.001377
IV	64	1	4	4	0.002281
V	64	1	4	4	0.002391
NEW	64	1	4	4	0.000823

I	1	64	4	4	0.000050
II	1	64	4	4	0.000029
III	1	64	4	4	0.000020
IV	1	64	4	4	0.000022
V	1	64	4	4	0.000030
NEW	1	64	4	4	0.000006

I	64	32	4	4	0.010955
II	64	32	4	4	0.007292
III	64	32	4	4	0.005931
IV	64	32	4	4	0.004709
V	64	32	4	4	0.005788
NEW	64	32	4	4	0.003319

I	32	64	4	4	0.001736
II	32	64	4	4	0.001911
III	32	64	4	4	0.000881
IV	32	64	4	4	0.000981
V	32	64	4	4	0.002003
NEW	32	64	4	4	0.000209

I	64	63	4	4	0.006153
II	64	63	4	4	0.006500
III	64	63	4	4	0.003050
IV	64	63	4	4	0.003232
V	64	63	4	4	0.006562
NEW	64	63	4	4	0.005195

I	63	64	4	4	0.003992
II	63	64	4	4	0.005764
III	63	64	4	4	0.002358
IV	63	64	4	4	0.002757
V	63	64	4	4	0.006086
NEW	63	64	4	4	0.000582

I	64	1	8	8	0.002816
II	64	1	8	8	0.003173
III	64	1	8	8	0.002712
IV	64	1	8	8	0.005223
V	64	1	8	8	0.005432
NEW	64	1	8	8	0.001576

I	1	64	8	8	0.000112
II	1	64	8	8	0.000080
III	1	64	8	8	0.000047
IV	1	64	8	8	0.000054
V	1	64	8	8	0.000084
NEW	1	64	8	8	0.000006

I	64	32	8	8	0.035365
II	64	32	8	8	0.022433
III	64	32	8	8	0.017628
IV	64	32	8	8	0.011445
V	64	32	8	8	0.016398
NEW	64	32	8	8	0.009832

I	32	64	8	8	0.004024
II	32	64	8	8	0.005934
III	32	64	8	8	0.001928
IV	32	64	8	8	0.002104
V	32	64	8	8	0.005985
NEW	32	64	8	8	0.000274

I	64	63	8	8	0.015460
II	64	63	8	8	0.019391
III	64	63	8	8	0.006899
IV	64	63	8	8	0.006670
V	64	63	8	8	0.019409
NEW	64	63	8	8	0.017194

I	63	64	8	8	0.008687
II	63	64	8	8	0.018184
III	63	64	8	8	0.005022
IV	63	64	8	8	0.005683
V	63	64	8	8	0.018479
NEW	63	64	8	8	0.000709

I	64	1	16	16	0.005870
II	64	1	16	16	0.007193
III	64	1	16	16	0.005684
IV	64	1	16	16	0.015420
V	64	1	16	16	0.016382
NEW	64	1	16	16	0.003118

I	1	64	16	16	0.000271
II	1	64	16	16	0.000265
III	1	64	16	16	0.000128
IV	1	64	16	16	0.000145
V	1	64	16	16	0.000259
NEW	1	64	16	16	0.000008

I	64	32	16	16	0.094091
II	64	32	16	16	0.076476
III	64	32	16	16	0.058828
IV	64	32	16	16	0.035473
V	64	32	16	16	0.053083
NEW	64	32	16	16	0.028754

I	32	64	16	16	0.009025
II	32	64	16	16	0.019444
III	32	64	16	16	0.004487
IV	32	64	16	16	0.005072
V	32	64	16	16	0.020154
NEW	32	64	16	16	0.000331

I	64	63	16	16	0.041713
II	64	63	16	16	0.064012
III	64	63	16	16	0.015188
IV	64	63	16	16	0.016800
V	64	63	16	16	0.066124
NEW	64	63	16	16	0.061647

I	63	64	16	16	0.020723
II	63	64	16	16	0.062475
III	63	64	16	16	0.011286
IV	63	64	16	16	0.014162
V	63	64	16	16	0.064145
NEW	63	64	16	16	0.000962

I	64	1	32	32	0.013014
II	64	1	32	32	0.017337
III	64	1	32	32	0.012349
IV	64	1	32	32	0.052795
V	64	1	32	32	0.056155
NEW	64	1	32	32	0.006356

I	1	64	32	32	0.000742
II	1	64	32	32	0.000915
III	1	64	32	32	0.000388
IV	1	64	32	32	0.000445
V	1	64	32	32	0.000903
NEW	1	64	32	32	0.000014

I	64	32	32	32	0.206826
II	64	32	32	32	0.207466
III	64	32	32	32	0.135620
IV	64	32	32	32	0.119670
V	64	32	32	32	0.186139
NEW	64	32	32	32	0.098274

I	32	64	32	32	0.024206
II	32	64	32	32	0.068896
III	32	64	32	32	0.011715
IV	32	64	32	32	0.014072
V	32	64	32	32	0.072162
NEW	32	64	32	32	0.000479

I	64	63	32	32	0.126986
II	64	63	32	32	0.228368
III	64	63	32	32	0.037848
IV	64	63	32	32	0.046996
V	64	63	32	32	0.238873
NEW	64	63	32	32	0.222138

I	63	64	32	32	0.052631
II	63	64	32	32	0.224666
III	63	64	32	32	0.027764
IV	63	64	32	32	0.035249
V	63	64	32	32	0.231980
NEW	63	64	32	32	0.001532

I	64	1	64	64	0.028163
II	64	1	64	64	0.046451
III	64	1	64	64	0.028335
IV	64	1	64	64	0.192607
V	64	1	64	64	0.213641
NEW	64	1	64	64	0.012876

I	1	64	64	64	0.002217
II	1	64	64	64	0.003257
III	1	64	64	64	0.001153
IV	1	64	64	64	0.001455
V	1	64	64	64	0.003271
NEW	1	64	64	64	0.000024

I	64	32	64	64	0.524681
II	64	32	64	64	0.587463
III	64	32	64	64	0.310724
IV	64	32	64	64	0.443379
V	64	32	64	64	0.709907
NEW	64	32	64	64	0.359451

I	32	64	64	64	0.072303
II	32	64	64	64	0.261344
III	32	64	64	64	0.033669
IV	32	64	64	64	0.043825
V	32	64	64	64	0.267239
NEW	32	64	64	64	0.000763

I	64	63	64	64	0.444760
II	64	63	64	64	0.872186
III	64	63	64	64	0.105818
IV	64	63	64	64	0.148655
V	64	63	64	64	0.894596
NEW	64	63	64	64	0.852700

I	63	64	64	64	0.167625
II	63	64	64	64	0.881761
III	63	64	64	64	0.075690
IV	63	64	64	64	0.111998
V	63	64	64	64	0.883806
NEW	63	64	64	64	0.002865

I	128	1	4	4	0.005146
II	128	1	4	4	0.005710
III	128	1	4	4	0.005274
IV	128	1	4	4	0.008735
V	128	1	4	4	0.009093
NEW	128	1	4	4	0.003252

I	1	128	4	4	0.000094
II	1	128	4	4	0.000051
III	1	128	4	4	0.000034
IV	1	128	4	4	0.000036
V	1	128	4	4	0.000052
NEW	1	128	4	4	0.000008

I	128	64	4	4	0.065896
II	128	64	4	4	0.041940
III	128	64	4	4	0.031777
IV	128	64	4	4	0.025856
V	128	64	4	4	0.035714
NEW	128	64	4	4	0.022136

I	64	128	4	4	0.008070
II	64	128	4	4	0.011646
III	64	128	4	4	0.004556
IV	64	128	4	4	0.005037
V	64	128	4	4	0.011892
NEW	64	128	4	4	0.001107

I	128	127	4	4	0.028438
II	128	127	4	4	0.018849
III	128	127	4	4	0.015395
IV	128	127	4	4	0.016148
V	128	127	4	4	0.019300
NEW	128	127	4	4	0.013812

I	127	128	4	4	0.020386
II	127	128	4	4	0.016749
III	127	128	4	4	0.012707
IV	127	128	4	4	0.014420
V	127	128	4	4	0.017984
NEW	127	128	4	4	0.003231

I	128	1	8	8	0.011465
II	128	1	8	8	0.012830
III	128	1	8	8	0.010328
IV	128	1	8	8	0.020620
V	128	1	8	8	0.021727
NEW	128	1	8	8	0.006232

I	1	128	8	8	0.000203
II	1	128	8	8	0.000145
III	1	128	8	8	0.000078
IV	1	128	8	8	0.000084
V	1	128	8	8	0.000150
NEW	1	128	8	8	0.000009

I	128	64	8	8	0.249078
II	128	64	8	8	0.144988
III	128	64	8	8	0.106205
IV	128	64	8	8	0.068525
V	128	64	8	8	0.106704
NEW	128	64	8	8	0.064059

I	64	128	8	8	0.017162
II	64	128	8	8	0.036463
III	64	128	8	8	0.009628
IV	64	128	8	8	0.010286
V	64	128	8	8	0.037085
NEW	64	128	8	8	0.001271

I	128	127	8	8	0.070514
II	128	127	8	8	0.047057
III	128	127	8	8	0.033001
IV	128	127	8	8	0.034622
V	128	127	8	8	0.044426
NEW	128	127	8	8	0.035202

I	127	128	8	8	0.044384
II	127	128	8	8	0.041530
III	127	128	8	8	0.026530
IV	127	128	8	8	0.028829
V	127	128	8	8	0.043377
NEW	127	128	8	8	0.003975

I	128	1	16	16	0.021589
II	128	1	16	16	0.028470
III	128	1	16	16	0.021553
IV	128	1	16	16	0.061916
V	128	1	16	16	0.064855
NEW	128	1	16	16	0.012662

I	1	128	16	16	0.000514
II	1	128	16	16	0.000474
III	1	128	16	16	0.000199
IV	1	128	16	16	0.000229
V	1	128	16	16	0.000490
NEW	1	128	16	16	0.000013

I	128	64	16	16	1.124822
II	128	64	16	16	0.531182
III	128	64	16	16	0.388420
IV	128	64	16	16	0.212630
V	128	64	16	16	0.352470
NEW	128	64	16	16	0.202349

I	64	128	16	16	0.040406
II	64	128	16	16	0.125010
III	64	128	16	16	0.022261
IV	64	128	16	16	0.023738
V	64	128	16	16	0.125133
NEW	64	128	16	16	0.001624

I	128	127	16	16	0.189807
II	128	127	16	16	0.117679
III	128	127	16	16	0.073698
IV	128	127	16	16	0.078461
V	128	127	16	16	0.121811
NEW	128	127	16	16	0.100816

I	127	128	16	16	0.100101
II	127	128	16	16	0.107232
III	127	128	16	16	0.057634
IV	127	128	16	16	0.066109
V	127	128	16	16	0.113439
NEW	127	128	16	16	0.005392

I	128	1	32	32	0.044390
II	128	1	32	32	0.064460
III	128	1	32	32	0.043559
IV	128	1	32	32	0.202901
V	128	1	32	32	0.220639
NEW	128	1	32	32	0.024441

I	1	128	32	32	0.001410
II	1	128	32	32	0.001614
III	1	128	32	32	0.000573
IV	1	128	32	32	0.000655
V	1	128	32	32	0.001622
NEW	1	128	32	32	0.000021

I	128	64	32	32	5.174544
II	128	64	32	32	2.139522
III	128	64	32	32	1.582659
IV	128	64	32	32	0.742528
V	128	64	32	32	1.304398
NEW	128	64	32	32	0.689542

I	64	128	32	32	0.111328
II	64	128	32	32	0.448020
III	64	128	32	32	0.053355
IV	64	128	32	32	0.061538
V	64	128	32	32	0.456533
NEW	64	128	32	32	0.002424

I	128	127	32	32	0.570520
II	128	127	32	32	0.346094
III	128	127	32	32	0.173638
IV	128	127	32	32	0.206429
V	128	127	32	32	0.377683
NEW	128	127	32	32	0.320596

I	127	128	32	32	0.260340
II	127	128	32	32	0.325453
III	127	128	32	32	0.135445
IV	127	128	32	32	0.167630
V	127	128	32	32	0.348977
NEW	127	128	32	32	0.008544

I	128	1	64	64	0.093303
II	128	1	64	64	0.176774
III	128	1	64	64	0.095254
IV	128	1	64	64	0.758515
V	128	1	64	64	0.823825
NEW	128	1	64	64	0.051280

I	1	128	64	64	0.004348
II	1	128	64	64	0.006052
III	1	128	64	64	0.001907
IV	1	128	64	64	0.002233
V	1	128	64	64	0.006039
NEW	1	128	64	64	0.000033

I	128	64	64	64	25.769436
II	128	64	64	64	9.122313
III	128	64	64	64	6.826610
IV	128	64	64	64	2.793616
V	128	64	64	64	4.967671
NEW	128	64	64	64	2.536620

I	64	128	64	64	0.344542
II	64	128	64	64	1.706102
III	64	128	64	64	0.145465
IV	64	128	64	64	0.180811
V	64	128	64	64	1.750726
NEW	64	128	64	64	0.004704

I	128	127	64	64	1.893247
II	128	127	64	64	1.172644
III	128	127	64	64	0.470630
IV	128	127	64	64	0.650764
V	128	127	64	64	1.298550
NEW	128	127	64	64	1.157824

I	127	128	64	64	0.815278
II	127	128	64	64	1.117820
III	127	128	64	64	0.357103
IV	127	128	64	64	0.494090
V	127	128	64	64	1.229349
NEW	127	128	64	64	0.018201

I	256	1	4	4	0.020918
II	256	1	4	4	0.023921
III	256	1	4	4	0.020705
IV	256	1	4	4	0.035452
V	256	1	4	4	0.042228
NEW	256	1	4	4	0.013608

I	1	256	4	4	0.000179
II	1	256	4	4	0.000099
III	1	256	4	4	0.000058
IV	1	256	4	4	0.000064
V	1	256	4	4	0.000096
NEW	1	256	4	4	0.000013

I	256	128	4	4	0.212734
II	256	128	4	4	0.117882
III	256	128	4	4	0.109124
IV	256	128	4	4	0.073279
V	256	128	4	4	0.079764
NEW	256	128	4	4	0.053753

I	128	256	4	4	0.044719
II	128	256	4	4	0.036105
III	128	256	4	4	0.026609
IV	128	256	4	4	0.028299
V	128	256	4	4	0.034930
NEW	128	256	4	4	0.006904

I	256	255	4	4	0.145247
II	256	255	4	4	0.102611
III	256	255	4	4	0.085713
IV	256	255	4	4	0.087397
V	256	255	4	4	0.101366
NEW	256	255	4	4	0.078542

I	255	256	4	4	0.101150
II	255	256	4	4	0.088312
III	255	256	4	4	0.069888
IV	255	256	4	4	0.076364
V	255	256	4	4	0.092868
NEW	255	256	4	4	0.018660

I	256	1	8	8	0.041319
II	256	1	8	8	0.049639
III	256	1	8	8	0.040925
IV	256	1	8	8	0.085816
V	256	1	8	8	0.086271
NEW	256	1	8	8	0.025318

I	1	256	8	8	0.000394
II	1	256	8	8	0.000269
III	1	256	8	8	0.000130
IV	1	256	8	8	0.000137
V	1	256	8	8	0.000274
NEW	1	256	8	8	0.000018

I	256	128	8	8	0.862004
II	256	128	8	8	0.352336
III	256	128	8	8	0.322489
IV	256	128	8	8	0.156114
V	256	128	8	8	0.178828
NEW	256	128	8	8	0.119385

I	128	256	8	8	0.091397
II	128	256	8	8	0.080913
III	128	256	8	8	0.056202
IV	128	256	8	8	0.059046
V	128	256	8	8	0.081886
NEW	128	256	8	8	0.007672

I	256	255	8	8	0.332588
II	256	255	8	8	0.233168
III	256	255	8	8	0.172377
IV	256	255	8	8	0.178430
V	256	255	8	8	0.237759
NEW	256	255	8	8	0.200120

I	255	256	8	8	0.224970
II	255	256	8	8	0.210684
III	255	256	8	8	0.143126
IV	255	256	8	8	0.155502
V	255	256	8	8	0.217485
NEW	255	256	8	8	0.024959

I	256	1	16	16	0.081255
II	256	1	16	16	0.112107
III	256	1	16	16	0.083312
IV	256	1	16	16	0.239904
V	256	1	16	16	0.256865
NEW	256	1	16	16	0.048958

I	1	256	16	16	0.000943
II	1	256	16	16	0.000877
III	1	256	16	16	0.000340
IV	1	256	16	16	0.000364
V	1	256	16	16	0.000878
NEW	1	256	16	16	0.000021

I	256	128	16	16	3.875144
II	256	128	16	16	1.256826
III	256	128	16	16	1.150678
IV	256	128	16	16	0.398087
V	256	128	16	16	0.480808
NEW	256	128	16	16	0.306816

I	128	256	16	16	0.219119
II	128	256	16	16	0.210702
III	128	256	16	16	0.121874
IV	128	256	16	16	0.127763
V	128	256	16	16	0.215185
NEW	128	256	16	16	0.010176

I	256	255	16	16	0.872626
II	256	255	16	16	0.637374
III	256	255	16	16	0.371253
IV	256	255	16	16	0.391822
V	256	255	16	16	0.600498
NEW	256	255	16	16	0.536674

I	255	256	16	16	0.489099
II	255	256	16	16	0.550755
III	255	256	16	16	0.303218
IV	255	256	16	16	0.329159
V	255	256	16	16	0.564939
NEW	255	256	16	16	0.039102

I	256	1	32	32	0.165424
II	256	1	32	32	0.264278
III	256	1	32	32	0.166399
IV	256	1	32	32	0.811357
V	256	1	32	32	0.883954
NEW	256	1	32	32	0.096781

I	1	256	32	32	0.002696
II	1	256	32	32	0.003110
III	1	256	32	32	0.000997
IV	1	256	32	32	0.001080
V	1	256	32	32	0.003086
NEW	1	256	32	32	0.000029

I	256	128	32	32	18.048805
II	256	128	32	32	5.069130
III	256	128	32	32	4.719242
IV	256	128	32	32	1.205503
V	256	128	32	32	1.508983
NEW	256	128	32	32	0.956595

I	128	256	32	32	0.592068
II	128	256	32	32	0.630008
III	128	256	32	32	0.286959
IV	128	256	32	32	0.317241
V	128	256	32	32	0.660768
NEW	128	256	32	32	0.017733

I	256	255	32	32	2.570832
II	256	255	32	32	1.746598
III	256	255	32	32	0.879875
IV	256	255	32	32	1.025032
V	256	255	32	32	1.944883
NEW	256	255	32	32	1.671115

I	255	256	32	32	1.233722
II	255	256	32	32	1.641591
III	255	256	32	32	0.691783
IV	255	256	32	32	0.803770
V	255	256	32	32	1.701049
NEW	255	256	32	32	0.067821

I	256	1	64	64	0.352478
II	256	1	64	64	0.721006
III	256	1	64	64	0.354142
IV	256	1	64	64	3.070480
V	256	1	64	64	3.289273
NEW	256	1	64	64	0.192624

I	1	256	64	64	0.008525
II	1	256	64	64	0.011713
III	1	256	64	64	0.003270
IV	1	256	64	64	0.003738
V	1	256	64	64	0.011848
NEW	1	256	64	64	0.000047

I	256	128	64	64	92.725217
II	256	128	64	64	21.782436
III	256	128	64	64	20.374078
IV	256	128	64	64	4.000746
V	256	128	64	64	5.236067
NEW	256	128	64	64	2.995990

I	128	256	64	64	1.590405
II	128	256	64	64	2.048466
III	128	256	64	64	0.752257
IV	128	256	64	64	0.864238
V	128	256	64	64	2.177865
NEW	128	256	64	64	0.029804

I	256	255	64	64	7.906816
II	256	255	64	64	5.514830
III	256	255	64	64	2.214115
IV	256	255	64	64	2.998491
V	256	255	64	64	6.179465
NEW	256	255	64	64	5.703459

I	255	256	64	64	3.426658
II	255	256	64	64	5.338554
III	255	256	64	64	1.683919
IV	255	256	64	64	2.191288
V	255	256	64	64	5.781436
NEW	255	256	64	64	0.128435

I	512	1	4	4	0.084600
II	512	1	4	4	0.095483
III	512	1	4	4	0.083911
IV	512	1	4	4	0.141453
V	512	1	4	4	0.146199
NEW	512	1	4	4	0.053202

I	1	512	4	4	0.000330
II	1	512	4	4	0.000173
III	1	512	4	4	0.000099
IV	1	512	4	4	0.000101
V	1	512	4	4	0.000174
NEW	1	512	4	4	0.000022

I	512	256	4	4	0.915148
II	512	256	4	4	0.550114
III	512	256	4	4	0.506497
IV	512	256	4	4	0.374408
V	512	256	4	4	0.413501
NEW	512	256	4	4	0.282318

I	256	512	4	4	0.213044
II	256	512	4	4	0.184587
III	256	512	4	4	0.161500
IV	256	512	4	4	0.160163
V	256	512	4	4	0.190361
NEW	256	512	4	4	0.039933

I	512	511	4	4	0.650624
II	512	511	4	4	0.504396
III	512	511	4	4	0.409072
IV	512	511	4	4	0.443095
V	512	511	4	4	0.476665
NEW	512	511	4	4	0.400348

I	511	512	4	4	0.450994
II	511	512	4	4	0.424394
III	511	512	4	4	0.326448
IV	511	512	4	4	0.354365
V	511	512	4	4	0.443423
NEW	511	512	4	4	0.090990

I	512	1	8	8	0.165580
II	512	1	8	8	0.200846
III	512	1	8	8	0.164924
IV	512	1	8	8	0.332002
V	512	1	8	8	0.349030
NEW	512	1	8	8	0.101290

I	1	512	8	8	0.000742
II	1	512	8	8	0.000519
III	1	512	8	8	0.000242
IV	1	512	8	8	0.000247
V	1	512	8	8	0.000519
NEW	1	512	8	8	0.000026

I	512	256	8	8	3.693784
II	512	256	8	8	1.681626
III	512	256	8	8	1.532841
IV	512	256	8	8	0.837191
V	512	256	8	8	0.960000
NEW	512	256	8	8	0.686252

I	256	512	8	8	0.484613
II	256	512	8	8	0.474128
III	256	512	8	8	0.335359
IV	256	512	8	8	0.342170
V	256	512	8	8	0.460516
NEW	256	512	8	8	0.048272

I	512	511	8	8	1.576796
II	512	511	8	8	1.216218
III	512	511	8	8	0.881406
IV	512	511	8	8	0.839612
V	512	511	8	8	1.167755
NEW	512	511	8	8	1.052225

I	511	512	8	8	1.009621
II	511	512	8	8	1.096845
III	511	512	8	8	0.698267
IV	511	512	8	8	0.740005
V	511	512	8	8	1.097945
NEW	511	512	8	8	0.118974

I	512	1	16	16	0.340079
II	512	1	16	16	0.459675
III	512	1	16	16	0.341164
IV	512	1	16	16	1.010381
V	512	1	16	16	1.084929
NEW	512	1	16	16	0.208766

I	1	512	16	16	0.001940
II	1	512	16	16	0.001784
III	1	512	16	16	0.000648
IV	1	512	16	16	0.000673
V	1	512	16	16	0.001796
NEW	1	512	16	16	0.000035

I	512	256	16	16	16.689754
II	512	256	16	16	5.739182
III	512	256	16	16	5.216778
IV	512	256	16	16	2.092184
V	512	256	16	16	2.560967
NEW	512	256	16	16	1.738808

I	256	512	16	16	1.073767
II	256	512	16	16	1.153339
III	256	512	16	16	0.689119
IV	256	512	16	16	0.715227
V	256	512	16	16	1.170339
NEW	256	512	16	16	0.072492

I	512	511	16	16	3.909587
II	512	511	16	16	3.114810
III	512	511	16	16	1.836460
IV	512	511	16	16	1.846333
V	512	511	16	16	3.112810
NEW	512	511	16	16	2.809652

I	511	512	16	16	2.159641
II	511	512	16	16	2.733283
III	511	512	16	16	1.437041
IV	511	512	16	16	1.512977
V	511	512	16	16	2.836209
NEW	511	512	16	16	0.198520

I	512	1	32	32	0.653156
II	512	1	32	32	1.098250
III	512	1	32	32	0.663539
IV	512	1	32	32	3.389834
V	512	1	32	32	3.582942
NEW	512	1	32	32	0.398691

I	1	512	32	32	0.005297
II	1	512	32	32	0.006123
III	1	512	32	32	0.001818
IV	1	512	32	32	0.001902
V	1	512	32	32	0.006008
NEW	1	512	32	32	0.000049

I	512	256	32	32	73.787260
II	512	256	32	32	21.778044
III	512	256	32	32	20.456164
IV	512	256	32	32	6.186482
V	512	256	32	32	7.978018
NEW	512	256	32	32	5.039462

I	256	512	32	32	2.661396
II	256	512	32	32	3.406865
III	256	512	32	32	1.572473
IV	256	512	32	32	1.710645
V	256	512	32	32	3.518771
NEW	256	512	32	32	0.133013

I	512	511	32	32	11.374407
II	512	511	32	32	9.307532
III	512	511	32	32	4.337255
IV	512	511	32	32	4.482801
V	512	511	32	32	9.243044
NEW	512	511	32	32	9.036792

I	511	512	32	32	5.473172
II	511	512	32	32	8.410625
III	511	512	32	32	3.222181
IV	511	512	32	32	3.743571
V	511	512	32	32	9.549377
NEW	511	512	32	32	0.334128

I	512	1	64	64	1.571514
II	512	1	64	64	2.998249
III	512	1	64	64	1.538015
IV	512	1	64	64	12.938255
V	512	1	64	64	13.863491
NEW	512	1	64	64	0.812264

I	1	512	64	64	0.017382
II	1	512	64	64	0.023316
III	1	512	64	64	0.006351
IV	1	512	64	64	0.006617
V	1	512	64	64	0.024061
NEW	1	512	64	64	0.000083

I	512	256	64	64	398.791970
II	512	256	64	64	109.509990
III	512	256	64	64	103.699812
IV	512	256	64	64	23.291868
V	512	256	64	64	31.272408
NEW	512	256	64	64	19.170975

I	256	512	64	64	9.406976
II	256	512	64	64	12.876334
III	256	512	64	64	4.632342
IV	256	512	64	64	5.037341
V	256	512	64	64	12.663362
NEW	256	512	64	64	0.248558

I	512	511	64	64	40.233764
II	512	511	64	64	33.531753
III	512	511	64	64	13.762546
IV	512	511	64	64	13.251280
V	512	511	64	64	31.812791
NEW	512	511	64	64	30.922638

I	511	512	64	64	15.033579
II	511	512	64	64	28.662522
III	511	512	64	64	8.112710
IV	511	512	64	64	10.377765
V	511	512	64	64	31.164566
NEW	511	512	64	64	0.645313

